120
15
3 14
11 12
2 12
6 7
8 12
11 15
8 13
2 4
7 7
7 14
3 15
1 10
1 6
1 13
1 13
6
1 3
3 3
5 6
1 5
3 6
3 4
6
2 2
3 6
5 5
4 6
5 5
2 2
16
10 11
11 13
7 10
1 12
7 15
1 7
2 15
4 14
4 5
1 8
6 12
6 14
12 15
4 11
5 9
2 4
8
1 6
1 8
6 7
1 6
2 6
2 4
1 6
2 7
9
2 3
1 8
3 4
2 8
4 7
5 8
1 8
1 9
6 9
13
6 10
4 8
7 13
5 13
2 6
1 11
1 1
1 3
2 8
1 4
1 12
3 8
3 8
10
1 10
6 7
1 6
2 7
3 5
4 7
7 9
1 8
2 6
2 3
13
1 3
3 11
6 7
5 6
8 8
5 8
1 5
8 10
10 13
6 7
5 12
3 11
10 12
9
3 7
2 3
1 2
5 5
2 8
2 5
3 6
2 7
5 8
20
3 15
5 13
7 16
9 16
3 12
1 15
11 18
5 15
10 14
1 19
8 14
12 16
16 17
7 8
1 3
9 16
14 14
10 12
14 15
9 16
19
10 17
5 18
3 12
11 14
1 2
3 9
8 8
1 5
7 14
10 15
7 13
1 5
4 17
4 8
5 6
3 10
8 9
1 15
8 13
9
6 7
2 7
2 3
2 9
5 7
2 9
9 9
3 7
5 8
10
7 10
8 9
8 9
5 6
1 10
5 7
2 10
6 7
2 9
5 7
16
2 5
14 14
2 15
4 5
3 4
9 15
10 15
2 4
4 6
1 8
8 13
11 16
2 10
2 5
5 9
2 2
12
1 5
2 11
2 7
4 6
5 10
5 9
1 10
4 9
7 8
2 11
5 9
2 5
19
1 19
5 13
2 5
12 17
13 14
9 10
8 15
12 18
10 12
1 10
6 9
10 12
16 17
12 18
10 16
16 17
17 17
5 11
8 16
11
2 6
3 3
2 10
1 8
9 11
2 7
3 11
9 10
7 8
5 8
8 9
5
1 5
3 5
5 5
3 5
1 1
10
1 6
1 1
1 6
1 10
2 4
1 4
2 4
2 7
3 4
3 10
14
3 11
9 9
1 11
8 13
7 10
10 14
1 12
8 14
8 11
7 11
5 6
6 8
6 9
9 13
5
5 5
1 5
1 2
2 5
1 5
13
2 9
10 11
2 7
5 13
1 6
1 11
7 11
9 10
7 13
3 13
3 4
2 7
9 10
12
7 10
5 10
1 7
9 12
6 11
1 7
6 11
1 3
8 8
4 10
5 11
1 9
7
5 7
5 6
1 4
1 6
5 6
7 7
3 4
16
1 5
15 16
9 16
2 4
1 6
3 7
9 12
5 16
2 7
7 9
4 16
3 16
5 9
4 9
6 13
5 8
5
2 3
2 5
4 5
2 3
2 2
18
7 18
3 14
3 3
2 16
9 12
3 17
8 17
6 15
17 18
9 13
6 7
1 14
2 7
3 14
7 13
7 9
2 14
10 15
19
12 19
1 3
9 12
2 4
12 15
5 14
10 16
3 12
8 12
4 7
6 14
3 18
13 17
12 14
10 11
2 17
9 15
9 14
3 12
15
9 13
5 12
1 7
10 15
13 15
13 13
3 14
1 7
6 9
3 11
7 14
1 12
6 10
3 12
6 9
19
9 12
11 15
15 16
2 13
8 16
4 17
8 18
15 16
2 17
6 14
9 16
14 17
2 6
16 16
1 10
10 11
8 15
6 8
1 12
15
7 12
1 5
8 14
1 7
5 14
3 14
8 13
4 10
12 14
4 6
5 11
2 3
7 14
1 8
11 15
17
3 7
2 3
15 17
11 11
14 15
7 10
2 10
3 17
2 7
4 5
5 6
6 16
7 15
7 13
14 16
3 17
4 16
18
15 17
17 18
6 14
6 14
5 7
5 9
5 10
5 11
1 7
2 11
9 12
6 18
2 11
5 5
5 9
5 8
11 11
1 14
15
1 7
6 8
3 10
4 8
7 13
9 14
8 14
6 12
2 8
5 13
5 7
2 9
2 6
2 8
4 8
5
1 4
2 3
4 5
4 5
1 3
18
2 3
7 17
6 6
4 16
10 10
10 13
1 18
7 11
9 15
10 15
1 7
15 17
10 14
4 14
7 18
6 8
6 16
12 18
9
7 9
7 8
1 5
4 8
1 1
9 9
2 9
3 7
5 6
8
6 7
1 4
5 5
1 2
1 8
3 8
1 8
6 6
18
3 10
5 9
11 16
10 11
8 15
1 14
7 11
6 9
6 15
8 16
15 17
15 18
3 8
1 1
14 16
13 16
9 13
1 6
14
3 14
8 10
9 10
8 10
1 1
1 7
14 14
3 7
5 14
4 6
7 8
5 10
10 13
11 14
11
4 10
8 10
5 8
4 8
6 6
8 9
6 10
5 10
11 11
6 7
2 10
18
6 17
13 17
4 15
2 10
2 8
3 13
6 16
13 15
13 13
7 15
1 2
4 6
3 3
4 14
2 15
8 12
1 13
2 16
6
5 6
1 5
3 5
3 5
3 5
2 5
10
1 2
1 10
10 10
1 9
3 5
1 10
3 6
1 4
5 9
2 5
9
1 3
1 3
3 7
1 9
1 3
2 9
1 1
3 7
4 5
18
17 18
3 17
11 18
5 13
7 18
5 17
1 11
3 11
6 16
4 13
4 9
3 13
15 17
1 12
4 5
4 14
4 17
6 9
19
18 18
5 6
6 11
2 19
1 15
9 14
11 14
6 18
2 18
10 13
1 4
5 12
5 5
10 14
2 4
8 10
9 12
10 10
1 18
5
1 3
2 5
1 5
2 4
4 5
6
2 6
2 6
4 6
3 5
1 6
6 6
20
5 13
5 20
13 20
4 15
15 16
2 18
9 17
3 6
5 13
9 16
15 18
1 13
2 4
1 4
19 19
11 19
19 20
9 15
4 10
6 10
9
1 6
1 9
7 9
3 8
5 5
2 4
5 8
2 9
1 5
17
9 16
7 9
1 8
7 17
3 7
10 14
8 11
7 10
7 15
6 15
14 15
2 9
4 8
7 15
15 16
9 13
4 14
8
4 6
5 5
2 6
1 6
2 5
2 2
2 3
3 8
6
2 6
4 6
3 4
5 5
1 5
1 2
5
1 3
4 5
1 3
1 4
3 3
13
5 7
12 13
11 12
5 5
5 7
5 9
3 5
7 10
1 11
5 12
7 8
6 10
7 9
13
3 9
1 3
3 12
11 13
5 10
5 6
4 6
8 11
7 11
4 8
11 13
8 9
3 8
19
1 17
13 19
11 17
13 14
15 17
6 16
2 2
13 13
5 18
7 9
9 16
3 7
6 8
1 5
2 3
6 14
7 17
5 10
4 17
12
8 8
5 12
3 5
4 4
1 4
1 9
5 9
5 9
5 11
11 11
2 4
1 1
6
5 5
2 6
1 3
5 6
2 5
2 4
6
2 6
2 6
1 3
4 6
4 6
3 6
12
8 12
3 8
3 10
3 4
6 9
1 11
6 6
5 12
4 5
7 10
5 7
4 10
8
2 5
6 7
3 3
4 7
6 8
1 5
2 8
1 7
8
2 4
6 8
2 5
4 8
1 6
7 8
6 8
3 4
12
1 2
4 5
5 8
8 11
7 11
2 11
2 6
1 3
2 4
6 7
9 12
4 5
11
1 9
1 7
1 11
1 5
2 5
4 6
8 10
1 1
9 11
1 8
2 7
5
1 5
3 3
2 4
5 5
3 5
12
2 3
2 7
4 9
1 9
4 10
9 9
8 9
6 9
2 11
6 12
11 12
8 10
20
7 11
19 20
6 18
1 5
13 19
8 15
11 15
6 6
8 16
14 18
12 17
6 14
2 18
5 12
17 20
7 13
4 10
11 16
5 19
5 16
18
2 2
4 15
4 18
16 17
3 10
15 16
3 4
5 9
1 12
11 18
11 16
16 18
8 16
8 14
12 12
1 2
5 6
12 12
13
12 13
2 10
2 4
2 13
3 5
1 5
3 8
1 7
1 11
3 4
3 11
7 11
3 4
18
4 17
3 4
5 9
3 14
8 14
9 18
3 14
11 13
1 7
7 18
8 14
8 10
12 18
3 4
7 18
7 8
2 9
5 12
19
3 8
15 16
8 8
11 15
2 10
5 9
2 4
17 18
2 14
9 19
2 6
4 5
13 16
12 18
11 15
13 18
2 3
1 17
3 3
15
2 14
10 11
7 13
6 8
9 11
5 12
9 12
9 15
3 7
2 3
8 8
5 5
4 11
9 11
5 10
9
2 8
2 9
3 8
4 9
1 7
3 4
1 2
3 6
3 7
5
3 5
1 3
3 3
2 5
1 2
6
1 3
5 5
4 6
2 6
4 4
4 4
15
1 3
2 15
2 5
3 7
3 10
5 8
4 6
2 5
4 12
10 15
9 14
5 11
3 12
7 9
6 11
19
10 10
10 18
5 9
14 18
2 5
4 9
1 4
2 17
8 9
13 19
2 14
5 12
4 9
4 12
4 19
7 16
5 9
1 4
1 8
10
9 10
7 10
4 8
6 8
9 10
3 9
8 9
2 4
1 7
4 9
20
14 16
5 18
5 6
6 17
13 18
19 20
1 4
1 1
13 15
15 18
13 18
5 14
5 6
8 14
10 18
2 20
5 16
4 20
5 13
3 8
15
1 9
11 12
7 14
9 13
15 15
14 15
4 8
5 15
11 15
11 12
2 9
4 6
5 11
1 7
12 13
13
10 10
3 7
7 12
2 6
6 10
1 9
7 7
2 3
8 12
6 12
4 8
1 3
7 8
17
3 10
12 14
4 4
4 13
9 14
3 12
7 14
9 13
10 13
5 5
4 12
11 15
10 12
8 11
1 2
1 15
2 6
12
8 10
11 12
8 10
9 10
4 11
7 7
7 8
1 5
4 8
5 7
4 11
1 2
14
3 9
6 9
10 10
9 10
8 10
3 8
10 12
3 4
2 3
13 13
11 13
1 14
7 11
9 14
10
8 9
2 7
6 9
3 5
1 6
1 8
8 10
3 9
6 10
6 9
9
5 6
7 8
2 7
9 9
2 3
1 3
2 5
5 9
1 2
19
3 9
2 7
5 6
1 12
1 13
4 17
5 10
1 10
1 2
1 1
4 5
5 18
6 6
1 17
6 12
9 14
6 8
4 13
1 11
19
10 16
18 19
7 18
5 11
7 15
10 11
8 15
7 14
8 12
5 15
7 18
2 11
14 19
7 13
14 18
1 13
1 19
5 14
6 7
7
1 7
3 6
2 2
5 6
3 3
1 4
1 5
17
7 13
1 6
3 4
1 8
1 17
6 8
4 5
9 13
10 12
8 16
8 14
9 15
3 17
14 16
8 10
10 17
4 15
7
3 6
3 4
2 5
4 4
4 6
4 7
6 6
7
5 6
5 5
3 7
4 4
6 7
3 7
4 7
5
2 4
1 4
2 3
1 3
1 2
6
5 6
4 6
4 4
1 1
2 5
4 6
10
4 10
5 10
10 10
3 9
7 9
1 4
6 10
1 6
8 8
4 6
8
3 4
2 3
1 8
1 1
1 6
3 7
6 7
4 5
8
1 3
2 4
1 3
2 6
7 7
2 5
3 7
1 4
15
4 11
7 15
7 12
4 4
9 12
5 15
6 8
13 15
4 11
4 12
3 6
9 10
6 9
2 6
6 10
20
13 18
10 12
18 18
9 12
6 17
4 16
12 19
16 20
11 13
4 6
4 12
14 16
3 19
3 19
14 20
11 19
11 19
9 16
10 13
8 19
13
8 8
6 9
1 13
9 12
7 11
11 12
5 6
5 5
4 10
7 10
6 12
2 12
8 8
7
3 4
1 6
1 3
1 4
2 3
2 2
4 7
18
8 15
15 18
3 3
2 5
1 16
7 14
11 15
11 16
4 12
3 9
11 11
12 14
6 18
13 13
3 9
1 17
6 13
1 3
16
6 13
4 13
2 7
11 16
6 9
7 16
1 12
6 10
6 8
1 15
5 9
6 11
9 11
4 8
1 4
1 8
7
3 5
4 7
5 6
2 6
3 3
2 4
6 7
11
5 6
2 5
3 5
6 10
2 11
6 10
3 8
8 11
7 8
3 4
9 11
17
10 13
9 17
2 12
2 15
8 17
3 13
5 6
5 6
1 3
7 8
1 2
1 12
5 14
11 13
4 15
5 15
8 13
7
1 1
3 7
2 7
5 5
2 4
4 4
5 6
11
9 10
4 6
6 8
3 9
1 4
1 7
7 9
7 8
5 10
11 11
4 4
10
4 5
3 7
6 10
2 7
6 8
2 3
5 7
1 3
4 10
3 3
13
4 5
12 13
5 5
3 11
4 9
3 7
7 11
8 13
9 9
12 13
1 11
9 9
2 6
13
1 9
2 8
12 13
9 13
2 7
1 12
3 10
7 8
2 7
10 13
4 10
6 11
7 9
8
1 3
4 5
6 7
2 7
3 6
1 8
1 7
2 7
10
9 9
3 5
5 8
4 6
1 3
2 6
3 3
4 6
4 5
3 9
14
1 9
1 12
2 4
4 5
7 8
14 14
2 12
2 9
4 7
5 6
3 6
1 3
4 11
2 2
18
2 14
4 17
6 7
11 16
4 10
5 12
2 6
18 18
8 9
3 10
2 7
10 14
9 17
18 18
12 18
7 16
1 15
3 6
16
10 11
9 16
3 6
10 16
7 8
5 9
4 9
6 14
6 13
7 9
3 5
8 8
4 10
6 10
2 16
5 11
6
2 3
3 3
4 6
1 3
1 3
2 2
