2895 2916
815235089 993861837 997312555 300802728 372620874 411445471 730068803 323156679 783742364 691055805 502888841 817680949 671967823 340901921 370828344 949652043 766695246 16197760 822904457 384485006 797066570 550323152 973160848 277268475 348193053 998136194 964787327 606519983 919658223 485028116 277727784 916520373 963178339 551040585 395826608 945268541 628047847 411143821 555393761 15713115 800337212 581684354 637332782 458200472 182041009 733539370 395009665 845870014 416101880 5494112 827891869 523097693 542165467 648038598 430246583 509412805 838021550 845521823 590563054 962164320 702147394 934965831 739641372 218090120 174290000 501601364 924982910 887059711 915855899 423878263 609131455 514830531 372461419 447664237 527874421 489691182 163108692 376813929 6501384 178224643 878003899 795216440 17860205 860259552 217742783 507738068 829630723 7354899 123653479 154720395 151997961 522520636 644556658 279192982 491721190 149642009 565035437 806968805 175108911 966646907 305380366 165674594 290353260 930087166 264312859 416826390 152194749 21127707 83704483 50460520 415205924 282429163 573880139 94578977 115425723 956177239 943899595 737801235 446598684 918300082 481505301 660560359 519812902 456815997 266847671 893018151 698429782 809204463 111888816 15563574 480435693 922706090 160363951 168827123 626812484 764709815 504130739 566053904 205177696 461084291 795405683 126833220 277875986 173874358 415644387 844435503 295354822 843774394 182849570 807976807 37111652 254246115 960814029 119115050 857556770 856203468 873267290 485747488 76738668 110346869 335062959 152154455 696218211 607443267 265326152 521166583 459173400 214287797 572892481 822344073 151357746 196730080 515045981 616552832 635142157 296236573 392029894 397424608 961511615 3685416 925907370 281798842 742222134 195729 922055520 792118973 349768759 239130089 993471461 837392710 941281106 343681160 119042539 129821037 676714330 449658250 644141449 827093459 313762954 680308602 179779473 134159692 312025603 981206963 731519856 464678005 604557202 717584237 991071973 311088849 351163339 416595610 155906902 591238979 612589006 878391115 401742504 114185378 437413263 520874847 143236510 476347757 303202781 744435176 622730106 146604112 839176917 135663048 180125315 973959072 711957666 539016435 610693277 206110498 277019011 440997282 252924223 997640484 233075176 341919234 818796481 745265554 486378827 394367296 242211900 77913629 830699349 452430012 234335975 514086418 851135924 94926129 479434223 638248810 16105724 144433082 457615786 570425022 93939863 118066974 136141310 341008523 327833861 497060610 869280081 978051051 971575323 773828909 405697636 951772335 453953518 956089900 149077548 623520614 412357916 609582704 227303048 48744031 386560121 544340478 31539191 676612781 623724423 440981590 159354739 872673780 928117838 191184788 292087975 238232799 789908023 254103895 712554089 996472027 530983503 361484680 943340193 452299026 459362958 786044800 432694290 861357920 969678047 918461563 221812820 376943966 269752532 845503313 500557258 950596845 664359094 266612618 796269278 878441607 348806613 454919355 744134253 706324753 217169841 538578572 356499196 163114873 770577241 900692134 496394438 403552593 678227603 48753462 234242830 275549391 155555659 466537346 51817795 639628278 787441755 4207664 965847937 149853238 842710593 769078956 12024600 975571 916568667 158192740 460499647 28575636 204513435 112431492 38549909 607690949 664928875 568121596 641770365 977544388 651093267 671619348 195498244 508345892 684511158 904787450 418671022 315495603 276083591 618822946 54175453 768923297 235580737 504825212 129713442 956161231 68153570 235959038 582176717 36956049 983598039 66426006 605111376 960987441 800540211 77205163 425549893 548243157 946505628 708646468 916593809 43444483 933217122 438187537 887557893 685696767 619041511 444699120 53566032 167355182 207921626 235516245 839376871 652114375 934132486 350250164 170639637 592991223 254488028 419262090 160389916 103840014 456172076 976382589 133689010 582530604 331087559 263767163 507628399 662294092 714346553 682702234 592563050 168185757 511694736 998858728 456917601 31764736 156146313 813122244 787817889 174368562 586062136 658368539 187117867 554718630 686430434 139652810 633243634 117253997 452387613 786815738 317160341 288359809 459053285 512370081 577882763 344077361 453761717 124845609 63985721 42104856 213706869 69184519 536554214 100822400 144222061 97144939 117219203 95351159 190586482 812501788 351110474 796997951 623935722 95178838 847259718 946879546 447393572 439912880 408503117 150858121 671499561 630047692 776686450 494132739 53811528 59828019 928223215 814641458 206748228 486619297 242908131 961102871 505615319 641690985 130485004 818742890 794838647 841542409 985628357 378529067 285123393 976776982 54606038 605038802 148965661 128901526 83842152 14989742 340697578 381723693 549060360 761471996 428548127 273584497 933332485 970877839 619792007 131792419 350779120 333135076 69474629 156332934 861460240 687344044 21857393 119054989 628623386 910861298 222039274 181751090 773238063 107569505 587472686 991021737 572052425 192404173 55251535 397922485 878041344 418458827 661803921 627577442 554852491 773014469 31976689 760170671 108419325 831260584 227529570 113239660 964752947 935137279 285138301 975402164 83085561 688672914 761501634 872872368 429687433 345194661 423810762 538302387 166554872 549487534 577711631 745928760 173890626 717875410 786063365 628440049 117349865 177588813 182607777 981969249 90063468 281240794 549970699 696472226 955602060 980533349 418429207 202243506 601416600 281971623 861071592 512554157 966911475 943569106 786019057 71589535 866757968 257184867 435751762 37820401 353131037 975808693 727816149 978618140 265235866 63904608 474959617 26158432 537904502 302692208 407696831 128155150 755419070 519567246 949210155 684696252 365240013 773980454 870467809 876311634 942339415 36136741 614327690 710299245 739637745 358491910 123855626 790924101 858050556 179775343 832974088 287408979 368405251 1177705 138311266 163268757 515658837 765965595 16273413 442709595 735188952 195108539 104119245 285271399 427006237 242638532 619063847 953104565 73631183 72365961 307296226 446912075 339940537 472520100 50271572 371677401 470384859 658663026 14630800 230860077 302290094 19339794 885678942 137336749 403510770 463583798 585291376 137497889 357092327 945673222 723005967 965399825 712907546 671889349 643894025 124780664 397451516 111436041 144405387 565522261 789679459 396401819 204752318 104637320 996078450 949646705 304359957 663158551 497270600 556708719 166459392 300356192 438070198 931344750 728457024 274425148 36899946 532067267 541535520 95003802 908617135 4051398 831196321 732724512 723997039 14845854 73746834 112360486 339993506 80634613 108021180 896049922 535411252 158559715 985954970 628253631 873430736 754731671 300495648 611213633 115552837 67933868 126174370 686409892 643652845 120733433 444814101 734988373 780938486 303855119 533842950 245730760 83831856 741550418 686769073 962789411 34668778 49506517 770343745 82162700 983900378 615790188 64808629 25730126 86813608 778336483 899481229 219256956 28992597 436462545 249499181 16205874 31031563 835654776 590848620 148733717 67392017 597105943 83147496 681815730 54764753 635744514 727061384 38700228 254832402 629470880 862498101 427007239 82212344 301065289 493507485 12256137 979594010 967104006 869494126 881492506 599631281 274611530 909786469 152245607 839904231 983917951 524678133 506884357 879736538 16561679 220997884 136157911 139139502 507608296 962710753 280334953 597978745 841162927 823985012 855784121 688269097 927779734 614840378 671285392 519788681 303056989 492729505 881384394 911702911 639485277 121690637 153163077 378195996 979889990 218750158 363182541 825857965 330657889 294804642 88169561 91116656 116462811 499410226 214763813 101101603 365834201 173977249 610295865 166232352 984012244 96849626 885636471 162593507 108876175 370064333 394074538 327810838 434008743 969638851 332618139 81672746 29547229 4605723 54309287 698717156 105526381 84133318 504421136 413952938 16585426 946558898 285608015 162249344 140676757 101077248 469964605 162445265 787062755 431960227 80883857 789685580 932072144 90762470 505591494 835842983 22298705 792303312 527277478 520449154 267234101 288559685 643553905 805372666 840730398 414146450 751852764 982157766 795368377 247397726 365027490 264211054 574522661 492222468 911103411 567681231 273736774 605121734 143226562 83796009 978773615 929945121 901468562 808036172 492076453 171649567 677085819 266955082 958238341 980760231 877572236 834576259 65234594 884933217 636654175 45841623 162267531 272280519 991058848 657297538 712851825 28567561 102812439 890215976 29651315 49673936 788879988 666391022 33064287 700303136 929336068 456141670 8670513 461759124 213654411 965802350 540409893 386267494 499908661 398729191 212189314 64950472 93886637 560667880 143219527 778583380 246575848 133034871 36630831 372174909 630146735 597929774 669414230 754130231 653753842 903435465 485891712 450661449 2980614 410882261 228280512 979614236 289307536 134473444 936996401 44852012 197808652 586662237 740742480 504489079 288488657 312064720 81856124 834446121 966402888 420854491 689127558 188941718 874973431 239670718 250596586 715448551 914998976 832129951 338903512 989996634 66730344 481012664 720612818 163317799 138210561 900877178 502753220 19512950 859269179 120882429 753341010 136037808 298635781 997493746 530057109 944591759 580176803 62954066 71663103 36732454 735578521 103809514 222431744 398697360 680907888 135482432 159831890 145669675 407969376 720083851 684955154 407394202 634849717 607611447 209077954 655417725 764488756 46472825 990442875 235177449 678956184 884360335 139489545 46292222 249170011 522875000 844596726 358188026 118135952 937238069 961426625 843819864 187154725 587832552 712224864 577345172 11911083 167379807 992224758 113361070 374101137 648748936 224418408 185581031 269582286 237977801 267124070 683306108 531896913 431172513 875687139 43534452 29593446 97152742 553617404 631889929 886717351 211593879 750858544 651625706 379545112 527532828 162137518 603548053 608239401 734581460 106036427 27547527 450581323 203730488 263316166 172619260 548715389 60660214 762018760 63557312 29051722 860475109 84780402 115014894 288291463 765886870 493196823 360982901 119876123 915288402 30532668 357080161 813084624 32721991 817442277 664452683 522089005 795783538 193237626 342862077 173795293 204803153 512677999 835138684 314132715 145376411 160858600 474437245 237099408 623927560 56947290 260745004 928171230 92008979 433476098 341710447 302512198 845562199 506590367 410810082 578456093 194382685 973431517 407223909 961028920 348700332 507609037 249773565 676194218 284278502 858605056 212600144 625645863 47552348 24389055 724922255 410120983 486745422 252823759 580948394 337685035 74254309 863704860 524401396 855870378 36397010 358140332 156019016 516989873 109545675 457580586 830524979 366589940 233225855 278231333 366142881 363438475 64243287 604961446 312031373 330129983 165025892 155483970 554071541 414548134 863734861 163332191 215599540 94408128 360409578 575906026 685614356 239275351 185270725 130871547 161671847 295097786 389890010 401901628 797203247 80567787 849450133 969326149 776167732 987603081 209507043 882713431 88973197 878192148 528933778 203965891 403952621 277765908 582845001 587079001 194483070 651201626 180434230 725930513 374066408 681109839 844281858 86663269 283695324 227263018 784321116 131538471 367496894 707803948 385895304 539693775 89856851 459396760 706466115 126443057 345081956 98233640 18761966 616094165 389566251 75170980 473582509 216677142 186109996 838215593 531530402 637473874 716625478 305340346 103174766 111223198 349138610 538921487 919818177 515777822 972873565 778971456 778618204 959910922 500667881 490862674 204160959 283443147 742098414 819073515 360806994 494364277 88695184 980808681 436618576 125052676 3193844 153595232 952564893 380476876 738803863 405308832 435516812 549093872 255827771 75835468 199946844 332574012 830679255 607131031 797320508 884284963 289486392 110693739 239397581 868302506 698851812 324135204 558170264 340458510 370684548 110219391 186416134 746248262 529041989 601102258 581703462 845807955 401110892 953766454 58674204 971319925 305413461 634845616 103550686 849271354 712655387 622739323 841611068 59587797 18213981 306600402 502177271 183649844 145611788 78924150 671394417 284008663 340459683 604410059 204781244 124672192 48881123 672654060 690924200 828958278 51870938 913555036 858120846 870830685 361251456 599098907 935015106 964303132 605842515 840091425 713498824 302562264 193396453 947920258 469329866 403267134 665390087 181048757 715801309 949839274 12297640 179090674 230104006 344598535 629774127 770522110 73374261 170009004 418926825 155179702 618386517 776402484 996868717 520707520 276454686 708111981 850399406 221343613 721062301 75679686 187574909 485181726 916369832 882113206 337446044 865092100 633962176 196583628 669382813 90307602 854750926 412442204 625884224 612717364 338196729 262830128 436964022 130578643 27521273 176749336 318320159 387864014 386936424 437938954 772417000 117001197 666829850 33483945 11316941 176279361 840674823 222137667 209921244 507899771 668871598 105354091 587940553 821590842 464518259 201444415 430405398 209125036 863823978 276694089 996748103 928175668 293152561 394055527 977700534 189963688 209679335 834916880 650743291 797417268 753794327 103103368 639241574 198970480 25501062 181417396 599423437 699232996 268179413 833197447 826311848 893547964 262192589 230855709 574690172 202951866 198649681 581676442 906914964 731587218 140844186 92365846 505977470 322005417 467204270 441977566 570539619 504395585 697807453 655718224 110434676 883024437 587530346 549262071 463811176 657082025 469493768 136112436 694967523 530035142 100863255 567413221 172219905 929462392 170024325 289232153 922528186 76781267 718471040 759702390 156464449 889986813 234959820 758165399 922590294 282593519 546451941 190035188 299764981 873435961 251062847 310690104 580639658 292323920 268415227 28693790 582806530 175344785 329242138 480059358 856640527 888425110 637215507 463951299 117741273 364343726 460235702 372129843 456602535 796965577 644726934 315516658 304629891 560813608 886137838 317456555 441259958 889144354 989791745 603831749 948315467 821489832 240726392 428514316 623449131 507646272 731592003 284035974 97117296 20854872 552384982 104415733 329965485 94629873 397862263 997214050 51861071 748069581 865755067 27417280 924478651 277726761 246678068 721091563 794532223 883052120 977493780 676616395 846083595 798160485 440993458 547837789 870833817 869504129 757820310 11247881 856186800 32296799 423156253 892766628 964005973 378125011 250872290 405495709 216889980 784640762 593391061 186188971 340959280 752660283 105824387 632619909 675396013 850455061 606839159 973434268 711051798 667614872 934252471 960785624 174868832 203643182 628728855 590051359 871371264 567180048 652250508 498921669 510430359 282905800 953890287 222518947 767804450 963210310 345996291 752871677 908552839 812291579 43014646 242273492 790013901 383006351 736916858 631523100 35246605 986132247 618463594 188509948 414669607 45528538 701958983 64080773 452760536 292790141 860888623 377395101 477185366 905920155 687049386 153979715 505179248 148874254 55689795 64571784 882052457 396513438 820514490 420373140 431131643 616243956 168864228 260968042 641214400 266287392 593465980 55513677 414175284 923276061 795586097 231684596 822344092 921428819 519839922 862530386 123938004 12831026 901571515 847897358 926493928 754476583 78344198 105891588 115715590 361630566 875799758 88287875 512089783 16044027 608553167 10442168 351554279 722668934 641803677 201547367 819483991 905572682 373249102 506714819 208668186 460683243 158878627 484249811 369564972 712607146 731701389 234028667 928664730 813300945 457145672 997883473 132052369 868081257 350456773 476670918 64054325 85644304 202161459 735974552 360649863 844416011 669692199 159510682 932501363 905526776 578723679 312529152 925920827 908984751 567438683 805569459 894443007 88900217 352031192 925234456 352745948 500405708 603265099 743891128 245892296 821450053 735998144 765145750 757833677 659488419 429433867 886950664 277294480 737671218 57158350 589852268 4785603 229634187 267155557 687854158 567565130 282710451 321519365 846173849 500839676 685427632 597375522 900807265 865004003 802269536 966803558 280622540 922915548 245310844 934700000 844074348 883209053 45625668 463111657 357646745 649041293 490058785 134903663 189853602 656046086 632866056 912878044 9311568 257875555 812871782 191453551 2934272 575780027 808427302 203006418 489159689 831780635 338858732 701335113 422644511 665956431 135206499 823765491 8580180 914166540 585583091 705336963 39404968 588915703 733924472 202129330 927244227 106526855 264816214 181330633 551395710 867444288 741530279 229487423 980754709 311195033 250871288 970591388 346160141 482716671 164880566 933595587 969579943 763285654 891554939 67284961 858988031 993917959 67672046 693424507 602740682 772155717 169581117 355802529 345146820 216566971 882053089 732760369 218407823 839922240 973263296 880208138 341969545 51594678 279409691 36217989 422724199 285809033 460755012 158994518 92295331 441701629 91127388 117859331 813296722 116884172 311687909 736432396 600347166 402782709 543993822 493160863 896476076 583847596 481463652 429140806 156184631 219167397 646215301 410701077 614131353 837296830 647523893 185903354 145272566 382975552 721629221 399285269 98387905 474959140 760312871 498516280 797377878 417077328 330005877 54211708 450999407 204107197 235237426 488666465 557895952 296612173 866947257 877332496 67216541 409731647 992471347 607049030 576861408 834997583 587058848 850260251 728694427 168071400 808380056 990143806 980674344 714459591 33446368 748562167 888262653 765350253 322034919 584341965 377655186 578364237 151199975 893372672 982138727 63647262 35679028 262864231 424529919 801314187 419585515 976151770 345847856 954349931 805803602 375724763 705857900 376249554 482344521 208675613 228546924 940794584 761987804 887536464 181432188 195494448 268344406 552514830 380014581 269170266 466132731 110401051 636659885 842394581 96122664 32829105 277660061 529034591 712480013 983957868 783992788 155030717 938458013 653011997 370323465 322432625 505632703 294051794 827560014 145193392 429183884 238287324 451708768 669311879 64962644 107779170 685989291 23105552 458600020 659018259 211856045 510757073 309833810 548279897 682935976 594732298 753976512 270037046 467095299 573342988 889152662 461790673 415506025 131891115 779567762 192195702 240418797 714585839 198180967 357191829 820606986 214581026 65985538 385197699 917248409 66453968 630093134 780794139 791087055 562563513 398375947 708261102 802076770 147341236 108300591 578691591 661317648 49963196 105347126 692851889 368273406 532597101 369580483 630118379 108975990 591678329 541877066 201609652 994468355 915182333 632373143 963638630 456142389 31355622 623306574 481627450 214963296 306271963 467165863 93400320 707835226 551557254 947712846 197869223 91204220 557192802 692705505 234795649 532626899 851217686 137705789 300767950 372720282 223041081 629825394 22979182 28335633 839248362 88600358 647807792 636871511 927586126 245778079 126612877 41171106 759435116 895920362 713309287 372119917 169459309 754721675 817221523 977177662 171411442 760999571 213552169 81034928 431243285 839548132 567555028 202943706 441452019 661383923 691175056 434872838 169066076 445032650 106895420 277682569 51652965 337272139 815106145 88070847 655417340 530645014 709347552 37141372 245848170 734396876 864329755 565993929 319275686 494264116 625287441 96118677 24893245 941014034 849628148 105299973 821910481 251572264 125451494 753501166 595656486 970130903 165620276 839996515 347134371 769362937 997511419 597825301 85898992 296588699 122040579 192805097 153024474 311993533 60275045 76331610 536912490 371846279 392556962 466952388 110156573 649493605 11766310 37464371 311034563 58827442 846083382 83704494 548011641 518036494 256604741 792438070 963446131 74856775 498287383 470857293 20134190 54226754 190784065 412031652 770653618 881938138 415474689 231223153 828776275 437949298 276756449 133665913 392807104 832173221 241422510 73135802 547812477 935681222 497995361 257830492 14507409 636671159 990796954 996567559 725146557 164909349 534666812 35893310 684561950 889005513 215301010 55141315 270851690 195999518 189745437 512677385 32637923 243109661 212837830 447578771 419216272 776027624 349895995 368378448 270905298 197911909 833192340 465171957 557295500 154015742 704184658 343015567 561674577 377637260 466549830 823472591 940624807 901042240 271089219 325598956 904820098 793790105 833841608 924313005 81531374 492197441 886668728 149311923 676976722 121754713 457775527 11921672 908068960 631762921 909790273 951629309 352499452 938973261 391465888 195871213 149866426 669095796 993334103 12868841 478349249 379984000 84559383 602313065 114573939 990465279 263461686 688525820 552111516 457637489 74473233 711223231 52534908 798102982 44375754 580238920 320314256 609814692 47843339 882494590 122857467 512433048 901368954 947324578 753861474 822356446 54275910 117805397 801719984 623872453 422534944 745284413 561373130 766514761 950028972 50133266 80390690 81295385 214306891 296374253 290643699 228877367 218921660 576476225 148607544 632224405 128999954 856281926 697158234 277859057 61097985 25725221 20748074 193383878 592704923 780181009 124084453 857055444 221109635 464466399 281508464 161143800 39506912 865513689 807962257 361162109 280560515 973064798 915577251 273746055 547226901 12299980 960483724 29659046 853562246 576791148 714378215 516853037 856883281 804198207 737300390 816954996 208565389 659452619 680108255 757359774 718682721 187057417 482213214 780048114 267017214 536057128 980370397 335575476 786491215 963120104 886334481 178588229 46879527 348685856 970375869 184001811 974343091 179528464 934021605 591510319 897590846 286722911 598515302 149792018 371404579 702445884 910065420 16738863 61400534 484015727 175186355 205315622 502360434 626925402 224963492 31770632 862577804 381801474 474013496 380568725 696682032 439012253 160071253 693296523 998774478 165279230 17307939 81022453 937491179 583712123 777946160 816144935 439002126 503146806 671319016 917839231 73035920 870319933 653235690 718117450 532404538 46255993 621609375 141570463 63207357 994486931 247155688 462974912 93025262 468327173 155076281 900801408 814021987 581786625 316360896 621400593 180106607 579193484 101746004 884681059 668085631 894122567 26829981 985457080 250922005 723726483 274076400 143723866 403063933 314040216 401180772 467568178 999382286 899909939 922395428 927775659 559825985 155044484 57449815 160462025 583649023 606839952 550048983 140589828 326732291 995420795 135813412 760637935 82512936 176974474 13680770 236661276 241005844 573966578 179266218 363876351 579394968 701198740 89811581 98511353 336816457 22045168 953856827 325428810 860736571 427954595 267458883 449833605 560733703 49822771 595845673 284691415 112316211 772522832 356106116 857208475 309969955 737781218 644098795 534180287 755146275 754443011 400350946 673975585 251727612 852379672 525722072 733902455 737226054 709171762 784052439 354521494 562546647 969746733 567408785 152564603 79314016 651008902 691496248 39523866 303342659 438596750 805863581 517486053 594913773 361947420 12417082 667843161 115846309 758663289 900660390 272740430 967493289 953902913 919065117 341709377 639263630 49846213 921079092 314210513 978848916 393394359 818076977 915327539 540724242 854803752 8700693 585507146 113560540 281693687 557575954 790512037 71346060 701106256 238662848 200965163 758234264 502890219 169989101 265145588 428242287 517412949 720735924 74348198 50817578 632433539 497174014 553131828 955912642 729448250 715233621 542660028 60219055 247069139 877590543 116141003 162048270 891552813 538183399 551199486 838813635 539152034 739370098 55175913 137292314 256205995 664587077 371308457 795348479 83813731 32273500 800497164 796811743 74487083 857486835 780706795 665508232 10233396 604077856 87286276 143326548 290735990 245644111 413748926 152062129 798777708 247532223 749451295 709188044 92733539 477898990 670422349 643138413 950848636 773769818 958712533 610933408 24006771 190630519 549012042 750093504 476197091 891590918 879696448 531551748 228184051 756318008 564193110 190454673 923884710 981908479 1920645 635083790 994422540 68269425 770212543 550933891 914668802 105122759 194801048 731576931 230259118 947146764 76546035 301821346 833986562 118976887 533164742 583097637 127689152 360772961 560883803 497840278 828381892 171517922 813499717 226130534 14798004 821699710 22322150 998671069 687630956 979182829 197191071 891202854 325024539 303409022 199205097 498803149 984360807 136048707 554300889 745673401 530894079 331350609 786845505 858016154 121546871 635084918 727040162 709706312 815097265 765695966 693646225 430093312 234444726 359454810 405989570 237083111 97753929 950326748 894624111 183125511 715947468 753415063 298668651 731054268 204815876 362310633 729266887 541432624 180380799 689813964 683083870 919082327 754751035 271937809 920700355 264832251 407650970 995428267 643399856 318190957 526745027 199051735 647185577 176370844 415098710 293757780 33011200 635424205 207775475 956524343 279655342 975176020 387753177 293730752 599603081 568343749 46184854 357494649 933558524 894801169 967606634 47404360 882284457 329829268 354041096 36030589 776139086 33289024 295173763 183674886 619543538 972175934 589572340 162757278 347538957 823056358 216423031 259180191 47977146 453496618 762927060 216154615 285086717 19296834 10056131 227907805 592261270 831462095 28574126 808637015 72371310 86992147 549173648 171563414 353314228 850205244 558514007 176572500 286021096 825810029 693762383 259144960 177499989 678672532 109302364 739572855 756198193 823087783 317540684 160793913 509001828 102570040 612373248 232591195 107301564 264500351 261274870 216764707 21252672 239356271 494737228 582277814 910179744 69669345 62870453 358641117 785286363 353733880 658481744 425988020 637507539 134954248 792400589 458867388 181068945 542377127 363652148 319133971 166743985 910544215 184989175 695989261 855539336 33764534 813211715 782457770 200755632 794036417 764015581 284014697 915640647 651541932 281312777 420435981 173944074 203046898 454596145 316309451 983418948 887564359 383119254 188676508 228490370 851710488 653044124 416556294 764476918 813601415 159861546 831328578 722754868 100483906 306102885 576528548 939651982 739805460 669008660 717672235 9068474 701068050 917888538 13744956 2787618 598816892 39587961 34091656 40307613 81515439 799857623 466891491 123487280 174248828 55384693 947137763 242431674 786680966 213878252 113920162 936665961 400536478 989785762 284733357 723059973 58528452 729089372 194693113 663412601 625709449 843066739 370463017 189156600 271015945 344230652 829892981 688382825 347781867 14123425 939621025 154464386 751851883 696431667 958899458 402730257 962020304 702074337 177345662 572859797 90220611 346080282 38318443 90668402 227391496 857696262 463488281 137807655 402421384 924089971 667421293 68295891 381613048 844492512 241154488 772736053 630947588 134862757 118976059 98823906 318420980 976975123 168116173 594786322 945610532 177813181 690781230 547818986 207573618 142396461 404030484 353424328 613468685 660220027 363502878 582000048 3967254 83101650 129331602 398445522 689347921 35171829 58217439 864156202 199839902 404618465 396449053 833930832 483005482 346902035 35134684 999585124 376171784 44174702 832379178 578185057 609517921 7927357 155616332 683164601 58284450 841252249 590981138 36870478 803194428 68747054 982899728 465473192 93754294 804843995 499174107 405505865 762030589 810948220 502064004 263351494 670936169 531819599 901471253 316374442 571492090 742849046 939057171 105858144 89440456 837611778 983637398 975432846 623901862 710934565 42781628 10579342 152029399 543303671 914634835 251600192 95723690 931227148 598533421 119507569 755673012 850732403 376046909 467482823 764277578 548319108 375379934 721081278 978272582 356438973 302926777 173573163 847323329 161737985 155000931 360410893 203924232 548952615 625496625 816216783 398708019 549064855 559743055 846195751 986675689 863947248 198694637 840684717 428526533 562757135 122163212
639 916329744
1679 962591869
1502 241564739
2424 335456938
1567 383050869
1541 14982804
2179 585330856
1260 127727081
2460 677956820
1424 200010541
1087 687224115
149 730944106
345 219537200
2128 831016023
619 669808609
2693 567611601
1062 16444150
1289 475542609
476 935190600
2107 981321433
923 77285926
1344 265587682
1593 429968170
2240 15729444
667 776116059
2225 246549615
2828 747739975
1183 957445651
1737 145771786
2510 598480983
1783 101768275
2097 967758444
1089 598845498
662 71724289
2066 512807367
1268 79817914
1398 269841708
1627 845174353
712 255846484
302 451206078
534 803353502
2778 135560548
349 163042117
2831 931185411
1244 980308978
1277 448181400
2693 436967991
1791 399738941
1049 797826264
1121 618772093
927 266860962
1857 364139958
2143 243716658
2386 775798474
2489 733272634
2682 46999927
882 70122778
266 296124844
1083 109042376
1256 37985511
518 645114017
1187 462562755
1020 501778691
1460 264106650
2151 759000496
2019 567553446
868 279598129
2453 948531311
1243 203657186
2596 829291855
2566 251739273
854 14507379
2385 397981737
1180 572152839
2403 326127281
1599 479561479
2009 309361706
2727 40005559
496 673486000
2669 593492945
1350 684311895
451 107764919
405 56501829
257 137339537
1589 228700842
1794 13769824
1594 278972857
1208 820228847
59 679095442
2028 358345125
1698 5485581
1662 20182417
1636 433853517
1846 987840461
642 96575188
257 390277439
1119 188282171
1590 35398111
1546 89483265
1382 763398371
45 68331650
364 579098466
494 852680768
887 947109113
640 265024476
2545 463240810
435 158676777
1998 408550251
2306 964310320
1108 311857833
320 852431124
144 365107551
2189 108109477
2809 803584412
2527 676274185
939 112415437
1922 169226953
1032 730019212
2272 655807067
674 383691676
1022 283346154
4 174514221
147 230231272
1523 216763866
2738 458918453
2779 202600107
481 370810547
1061 991734657
2584 851900606
2191 43402034
2030 674358494
870 162472284
1915 805804903
354 163080877
1028 303755548
1184 342878332
131 71130632
889 984138706
1999 772798956
968 252022501
1907 727421734
941 334604314
1702 865176410
1171 179200321
1004 454365686
1066 890413864
333 6734157
1973 101914617
1057 31393540
1363 162757842
1291 277183049
1647 4854604
1300 503481450
1506 188495344
321 659358947
1556 67671637
1106 202767311
1581 788417991
124 499449279
2411 796917483
1418 713203136
2858 426563504
30 240128482
1336 89891803
527 271922696
2627 735712949
2424 956878168
1411 158254729
2436 207346400
598 291845206
79 580059399
1797 614623942
1237 131605136
1529 244366193
1280 754854811
2355 686849778
2373 708153821
904 160524367
981 174830163
1676 299584522
2296 882110804
2218 185980249
1238 598776609
2059 176665514
2404 748401525
1987 761238977
1851 768306571
1620 174186742
751 288546839
2248 399371896
1403 353954461
363 664378914
2051 7963802
2647 677655290
2704 86447916
407 257583486
1307 753205114
2137 375122564
1420 567718508
2840 938494988
26 973063476
1661 308654227
1654 204809223
2248 171723893
1474 269785501
1968 645479373
130 990638048
2690 296391732
2680 76168397
2860 730116230
1851 302482833
2626 687701345
2435 117171068
1182 562059753
2722 522774027
604 987860218
1128 378539547
1481 152233291
801 952887802
829 785431084
1718 997524641
1934 230040307
1372 797877779
544 720250629
2797 90523183
1809 731143461
1400 935894237
159 697902511
2029 601887774
2611 812896284
1317 554007503
2888 867641435
2185 590431478
691 353038434
1477 814591107
225 835886049
519 718226948
1633 844196581
1976 169132560
1291 237713380
1743 100804792
1021 456193708
1059 712503026
2390 747287930
909 936931789
1951 188229222
555 6802791
3 857009253
2577 859835573
453 523642935
1411 285985634
472 71300797
2657 149708818
996 46171864
636 638283344
2471 441395291
655 391492701
291 909852479
1924 668739462
1645 151444431
2782 91202424
2892 235427132
2444 645300987
898 471851834
1823 501133446
2387 49808474
2219 367608748
2320 62205607
1029 867274527
393 101590776
1303 413577464
124 808211692
2106 602412502
444 111247098
2762 646187344
234 790720340
1303 481923666
965 232288639
305 658739891
2798 87413864
1065 960181181
2363 89818734
2841 374333623
746 871679009
1716 801186577
448 383587543
2238 245576700
1845 180410276
511 890424880
630 691953514
522 405965629
1282 535948004
846 740475424
1628 358459554
2002 498601770
1235 269747526
1978 544298256
2636 614283819
1227 884027615
1847 111678194
1166 740662678
1724 246165744
1279 354507713
1693 601516347
443 118578465
1879 302301080
2738 293544867
399 286900439
1412 981679377
430 713241808
348 266909262
2627 480708137
601 546045403
2063 34945354
1248 709025895
1373 582175
2427 924743754
1257 853185329
1446 421145300
2173 257446602
1968 781709330
1894 294344357
1066 996371666
2778 770203452
991 181270774
1309 550407114
650 963693522
2349 74296171
2554 506505725
395 795533356
656 550355906
2299 952877585
2731 284532333
1133 902723567
782 101855660
1422 462093731
1568 380859875
802 37598074
2878 497650878
214 905940905
1277 295369688
238 934250780
1573 760796153
1504 274185610
2666 982914636
2755 822737332
1482 501771973
1344 818585699
549 140358789
400 27517049
2478 643170894
929 284608497
2173 195489057
857 803316689
178 705586273
254 279271153
2640 11777805
2580 829855109
1195 144817466
2048 938855167
2677 990143812
915 593669906
758 767573403
1892 702043624
1375 335833733
1529 511996324
1197 776885702
996 448253352
2685 543171495
756 148937042
1379 887894281
1201 971518580
1463 48246356
1799 686451443
2531 700207740
2278 239653789
2620 111655143
2506 242723491
748 129045039
227 987471073
2237 220700879
1720 268892491
2543 803928466
76 6910614
1332 77932437
1926 460811666
837 169097782
2118 538672463
149 849490934
2777 290449431
1192 14554669
94 230404952
156 990850279
1716 15079441
1267 126713858
54 649116266
1302 646396729
960 615602149
200 153809961
438 627603946
2785 922780457
2178 256711785
1310 26467577
1003 677806953
651 254750782
1845 243958191
2376 672875749
1646 859140818
1585 502524051
379 916199479
2682 253901244
486 543869863
105 813980275
260 138109061
2584 655122347
5 540604142
1811 19261760
932 378737476
1944 500835261
1611 69173080
1263 510027835
134 55049779
1705 482046918
639 787145090
1790 804322331
1179 584430010
2266 347653078
819 424970958
1575 846469238
1212 63451227
488 216828218
1003 979768688
2588 704909836
755 382366316
1224 57001415
2695 293891675
378 50913086
332 202582861
524 187211678
156 950562865
714 215067811
2663 400123200
561 24195955
2449 562657058
522 31113296
22 715689441
2855 986442229
2291 257161234
700 879089912
2029 315783188
2180 642285574
2812 320609010
683 947119347
2418 855619068
1534 972442412
1965 594339835
2280 678393668
2490 523058057
2363 307415939
898 215090732
178 72608678
2044 455223689
1826 623150407
1660 677901619
226 628104642
534 390411975
2046 25344536
2148 965602252
809 264744956
1045 103696090
468 239488561
1478 353778022
2216 209704806
187 458254352
567 50705728
2895 217290760
655 628853848
2198 49497651
419 504986218
1796 64453433
2338 728866065
1371 986184939
1884 165164632
2341 215547226
2100 671187302
2013 36069322
300 895123021
1149 152515597
1127 261252495
27 644160551
1583 673403505
2808 368998762
1480 602362955
1062 333645296
605 825345892
918 76801254
1579 354628755
2456 34205700
1828 243220358
2123 690775393
648 932197921
2803 45546407
1397 938062898
149 130189151
2647 237129780
2738 468125655
1643 314049030
1643 628634839
243 193203483
720 644087920
1859 295105019
2771 258018956
100 672823916
936 340904472
2663 268181546
2466 999030060
715 996713468
8 509425475
1573 822798557
268 457393534
626 117884613
1939 321021368
2733 633996990
2036 93227359
1422 99576363
767 977142114
1518 45626855
1922 712009487
606 899858069
567 73353846
2442 387824219
1322 597936871
1774 865818014
2142 405778373
1797 199229904
743 99035680
2216 534660398
2098 714891353
288 845347462
152 155210416
1985 104372438
1912 728162278
935 842502241
2086 668660572
2116 314671626
311 608122273
712 202795732
2392 493085203
1469 154161331
1691 455233683
528 755259572
995 213282959
2027 442172308
2576 982512566
2775 287974554
1971 673240964
2551 182800333
345 559582411
1800 66737189
168 194211598
2746 805449083
931 583833875
2499 673057377
1473 612569017
737 331417819
537 858709894
973 621916576
784 514013706
396 678610068
1063 799437654
2429 708358291
2855 157742884
832 869238924
442 490625284
2128 76626542
167 541574440
1057 935086010
1847 976065456
1271 661704452
597 997850465
252 527279243
1693 190439562
1931 368733436
2610 351600641
169 236663047
1322 312546320
868 783545015
1174 395575260
2756 811069532
251 874143428
773 351826233
2350 677357540
816 751778646
535 33343494
1987 134400260
764 179820170
753 855044349
1354 308472458
2604 222977356
228 384826131
287 652868560
2819 772089548
1005 931655786
1217 240147848
1895 662183593
238 515672983
2878 101746300
1845 994063915
2368 207165024
461 942182553
2463 92186765
1019 616716019
1359 102771658
1328 119025791
1675 116151110
1239 529992805
2686 305798848
1272 470955060
2236 973668094
215 939954404
309 413743282
2239 83336957
2826 831969395
218 581034425
444 273261026
1448 230856891
317 436559309
1240 442900715
2371 967046810
3 352400901
1349 789209905
2307 786193293
1448 835607053
1576 932293084
1438 986520799
2217 253152626
1835 564433330
870 538804512
2084 618405316
1737 340615910
2726 269649933
1339 827152964
1105 568025610
44 458738269
2829 227853924
299 187812446
425 65322530
50 114110736
2462 895078566
2311 848947087
474 174929071
1939 343063100
1601 769386264
12 594656555
282 361926677
647 703551289
284 789972799
2493 486903473
1123 755647045
1991 892664427
2287 616006517
1272 651640198
428 849159190
2403 427250791
2586 98146044
451 56092591
398 434850439
538 936244680
2453 765842013
2258 208390640
901 996916473
1794 753835848
2336 874042449
1235 573800968
2060 32150882
369 24442862
2171 665282441
2455 278649904
315 197228085
1435 574400254
899 258917907
941 551118443
1863 568848487
772 111344890
468 993298810
436 319147348
577 86869138
2080 175092017
1496 31914031
1096 814823277
2577 854437988
2376 98592873
1434 632746169
732 528319672
238 625430465
2667 421319536
1673 15760350
1286 764642259
670 19127700
382 368894333
2612 345425310
796 560246244
305 736553920
2755 688287379
1919 191725192
2237 207339529
1460 619726522
1071 74352989
235 42145337
2511 667816199
248 611801140
1664 946591108
1829 30301968
1975 274743770
2100 86344868
136 801449288
2127 482334032
1690 532683598
1296 831561298
1688 6135868
324 625781762
452 257899350
2368 689131085
2784 45930301
730 786559545
1204 832715294
412 414631153
1287 71911172
732 999201128
945 358450919
1207 384500121
484 912698491
199 7105678
2221 800161214
64 256138882
1785 946476229
1850 240883316
1552 262471485
611 738503034
534 198198664
1151 281866380
1404 637270829
109 439630669
899 508026826
2779 332015446
1977 429794104
1552 286671724
2860 173313423
1050 247516514
2714 62865992
2887 217347703
2247 189160563
458 534742787
2692 403172173
2381 457465936
218 264364001
1683 899826345
2819 114382291
1230 79253739
1411 181188757
1852 359787367
2279 766569398
721 133317433
2822 283326058
1557 889094639
1484 641370211
1431 10308931
194 53773671
2860 149266736
403 477770290
2684 456821313
2494 663063299
2049 80146150
2249 750089926
2316 157707932
2271 351059180
731 347074711
1923 56384445
313 56707979
2392 827406212
2411 679794521
264 546707299
1371 463150650
1284 617851322
1564 698152596
331 160048560
322 366228715
2656 952984295
1697 385726395
2081 427053924
2344 959535949
1393 730241097
806 924475936
2539 360915529
2645 799168397
2632 497724466
1508 738241322
2645 830331878
721 488112251
2515 15099866
692 193725475
432 460926581
653 598087668
300 618871628
1722 40754816
2274 71565719
789 267096662
488 507967155
2710 598967062
823 796907751
660 589384652
163 509384733
1856 748135623
227 392293183
1733 953363613
1538 19946846
1994 46092737
101 565035556
2303 591434045
1590 289542568
1819 900907663
196 421760855
1004 403402245
1191 53929025
802 418129944
1900 640023437
2154 885919402
1177 107044094
29 849837444
2450 894805681
897 339106948
257 173970380
2475 58097356
1259 610196230
1057 303944014
1983 901063407
1943 308391974
1871 43651869
2878 555570953
267 591212210
2653 864521605
155 119651121
2677 201704501
2219 936948201
1344 561661848
1714 789641878
2698 130472565
2361 612570388
1421 108186004
893 317620940
716 508989814
1019 159973952
230 237018471
2883 242716685
1194 468404480
1520 838402948
923 987085434
372 602448724
692 721659992
711 720325626
379 344070988
624 770898417
1529 169802687
2578 716058694
1410 402828185
1538 428974290
456 3358984
755 268859538
558 638066083
654 500736655
824 91806587
712 971332186
1316 465185297
181 67691140
254 332030217
1610 159954550
671 271379577
342 170196306
511 802149998
904 426772087
1644 885421706
2569 141592540
2508 384620572
2509 878286572
1146 428352996
214 894987899
1842 169870175
960 894738940
1708 18660675
2668 342241808
1688 297658561
35 616413361
1448 820967084
797 746127982
165 363677553
607 125357557
167 189891232
382 184154207
1558 90959474
2008 655017353
53 558420616
1097 131029519
234 417447399
2233 432573430
1875 871721602
1890 854064111
1151 146216447
2141 217722244
2180 82384896
109 537307834
2217 932430947
1442 762589688
616 477971008
577 729190358
1104 621792455
695 293131266
804 733313661
1302 738249876
317 744456134
1734 459404893
1283 306053545
1271 769930588
1436 516985144
1344 689956504
2306 354316512
1670 145818502
1604 184643321
2317 788118185
70 242212315
2823 946660835
2822 362509318
2370 952654503
644 99608992
249 834522264
1174 703337008
1512 24647354
722 35016543
2632 940375464
2563 171974236
923 859640109
378 973235947
1872 279915548
2216 851593668
439 666024010
1338 715640455
2672 1667158
2564 438687871
2486 6000313
1565 174412503
333 135927480
2044 754342419
720 791672078
1282 280648917
1244 163186229
2437 629801860
2857 636276685
2151 943025161
29 387864722
1524 108400428
546 343341236
437 993821848
184 430419784
1097 50845620
119 637054985
1508 254531158
1047 699855534
676 543015795
2480 447710017
896 897878601
296 247686722
2042 297506377
580 324471016
368 872386975
786 83647381
1756 769796907
2484 105374985
1937 912021929
737 932989511
2032 62642095
2825 197136543
2356 115225427
1424 192729394
2050 580941647
979 270573814
2403 722437609
389 173398834
2440 881984151
2513 645708766
471 756413937
2399 756359509
1122 298986694
650 834675176
449 344342044
2085 608699668
120 54224545
2349 352340818
539 188411223
1242 894238261
273 633343951
585 555945537
356 842510555
1964 677194562
1854 719793723
836 303138105
2724 332585180
477 896506879
2863 548232778
1865 810831073
529 186326346
1187 46969343
712 657331292
184 552520598
2557 965447072
599 266192325
309 359106167
2058 767138625
2214 801271859
1099 712956375
2803 497605601
1486 313721505
930 477967182
1425 355123466
2540 498412979
2754 470656951
2725 42919283
1037 713701402
636 646221506
2055 722818778
1765 320094418
2585 967993790
1629 252620187
441 868786350
2768 543301269
106 22018904
1277 718486774
2148 356316680
434 791596737
2432 615696867
1008 677454595
211 178696326
162 285416771
486 740758195
411 468630224
2566 431618129
2634 878798190
427 687383802
1726 799620679
314 563151772
2554 562284389
120 743894649
2782 206115430
2844 192109459
860 179301580
724 497308694
1004 38722887
254 428149285
2179 757817067
2640 390378193
750 528508122
230 222698283
2395 277622918
2296 141629696
2609 73481987
1443 477371719
1757 409402677
2123 35419672
1951 387717722
734 758910714
1991 962759824
117 941300726
709 368489593
2362 462212173
2777 35092277
2863 505316284
1251 263299115
2319 362498450
708 44475609
2533 40666857
944 181258986
2410 516814277
1044 789303240
648 244726945
1956 399580389
422 162982847
1865 192641409
2117 740138747
2075 718204261
2859 384397083
2319 287262660
635 432922494
2004 511891214
201 640679773
385 52004981
2266 760536760
2005 399873322
1163 943233451
2127 891732145
1061 273127794
1532 715338772
19 951185530
1260 440753518
54 548951927
623 165656275
386 371552283
1892 401051871
144 293439416
1016 189279693
2678 895553205
2504 250468246
1360 14058256
615 14768219
910 668921530
2095 941152604
2595 595405258
1664 183120328
1090 603717813
2855 696577234
1116 99758106
2866 429693421
2634 814984353
2154 693652747
296 13829445
597 197701971
2638 892557167
250 991625720
400 151035944
1507 474325209
813 647779799
655 380013263
443 474163470
2028 584115977
434 571636097
935 934654341
1136 558066641
318 542461835
2819 902150782
632 149554290
908 228201817
779 801448742
536 988742021
2485 225809422
1198 972780811
2670 22110707
423 954696570
1516 944588263
2895 250203746
2555 261024530
2857 619189707
1356 339660896
2715 85057413
323 45101563
2601 382356038
1210 728523362
2081 393454253
181 222617052
89 298934145
1704 60868828
1286 282400665
1715 937454997
925 906469924
2420 506183639
2216 70497222
1015 185712199
1462 272914512
2492 864525735
813 781835130
2571 947974639
2050 296090124
1973 261948890
882 519912889
1018 389386382
2255 347142505
2672 919475140
2877 208117536
2221 204513130
921 604166526
591 758039841
708 591606295
350 218787520
128 5291608
1724 966413210
1639 505847913
1630 291528454
134 116313548
2771 57538364
1533 152373642
1504 627239030
2573 109777521
1347 236446262
1629 284571910
891 838325140
106 539049926
1113 392586834
2758 56208442
2040 940070685
2586 608161345
1355 232638837
1760 878945471
1137 343716705
2510 981889737
258 964202928
766 864426674
350 612705078
397 160958519
491 116180320
1585 263989663
32 422009495
2891 84072624
420 585593242
320 643789921
2763 837692076
351 105928823
1223 570770104
2385 474930915
1404 262443410
481 766131040
1451 189366327
705 268377023
2040 925770256
1254 953580117
2616 879186149
187 43730454
1972 745999164
277 727914370
2158 426052492
2841 252076207
427 814526499
373 679208668
563 155909527
2679 876218346
1656 597006666
2604 906850278
1143 196382394
1522 177341225
729 648924260
1693 577214779
735 932348598
1278 334249762
1242 970699070
2683 194369647
78 663433766
2706 95745267
1046 351437697
1763 102691024
1095 602098208
2538 146107902
659 243421270
257 423207658
1795 225874124
2069 368449993
2102 775907327
669 972314486
2774 274894319
2781 438090080
2155 457793019
920 841682285
1041 619077022
63 585658713
314 253128566
2017 530736073
1889 653219855
245 598915159
906 142882494
1293 104961575
586 262221789
2550 908812503
1130 207559999
968 18384447
234 632025274
2174 89139152
2181 612081317
735 395316429
2264 968206915
2567 894379877
190 881801327
312 282271899
1344 191760310
1037 790165296
1191 386710085
2450 636691680
2043 626565296
2020 226029481
2179 691290229
2843 427239171
37 555408801
465 915010559
2832 458243767
1759 671501990
1583 468851737
149 511574973
89 645652865
556 831405332
97 586071135
1073 612430465
2219 695997676
1865 986796083
468 426621887
979 968216956
2475 33150620
2039 761620717
2179 158256904
1722 645778674
2432 835340313
509 63163876
2116 995836559
666 281911782
2747 523661445
216 609384318
1101 202038194
1422 791007077
482 77596392
1105 563602299
1316 330481032
1682 798569916
2839 343318241
799 327747395
359 80101937
1466 792496116
2102 762014386
1342 32782105
1424 201791901
838 951486858
661 751791355
2363 505016260
2540 120611724
2487 237040124
1315 69904970
11 734570934
1285 719296540
2009 877962778
504 268564926
2006 381753755
1998 817205436
1293 305668794
1415 486965876
2153 348614793
215 718443978
2882 67460960
2297 200408766
896 200540644
276 302223012
1415 221774142
1492 725828884
2393 852865465
1173 31927120
1582 658678242
1961 433810538
603 203239620
1354 195278613
704 148840216
1649 51166522
2232 739451457
2001 545219593
2629 251702012
2351 396902438
1408 395807475
1440 849573483
740 524589976
1884 460897649
320 593868549
1939 533280059
2641 589548523
1115 556870545
794 836685430
2002 578979720
1470 730352552
2572 456015586
348 512755444
429 715512599
618 989239192
111 317402417
423 544597814
559 13745691
2361 129314710
2290 117215348
1395 886761226
754 897487688
2034 756994247
16 206267484
2189 455418584
1326 90970418
321 188498241
531 6921621
2087 533927143
671 651289172
2361 963714490
1590 835010754
717 221712310
2831 812593368
1574 971050260
1802 854634598
2488 453799066
759 5571031
1430 45428238
2884 979935336
1953 118436190
2447 583762862
1889 465489326
794 402494575
1695 598610339
1214 976274442
2592 719567743
1960 343839207
896 41514622
1349 819191909
599 187486165
1553 862744809
2707 331742727
811 593028437
622 284819091
630 962377315
1630 282928752
2664 809811674
1892 7415078
639 478472168
895 49049741
2469 391176078
1566 164308678
49 211042499
1313 370976486
1922 365775399
1799 473202670
1474 565002312
580 770735024
265 861634936
1205 887005646
974 356861097
2010 983880028
372 846658431
866 952691665
1540 247954596
1104 718931987
2789 233098440
393 555238199
1353 94237389
1957 45610048
2150 83816688
1667 261246743
2277 93551982
2074 267393820
1326 70804448
2488 970220692
2206 575413232
1644 265751253
1158 644253301
1389 318203515
2733 105054364
2366 177395155
2016 588564581
1712 558246588
2165 948860148
1584 852253545
896 551233318
1682 373462252
346 448442085
1478 968234584
642 495115146
841 254534357
1996 997091213
1571 93617206
1962 967330925
337 865416360
2395 198699160
763 987169092
373 937908315
2387 277216306
1652 503193237
89 674445563
2742 94256323
2197 744929442
2227 77636849
2272 967140440
2290 141026768
1314 824824923
2176 2107272
564 656885838
2838 265108108
2348 309919070
1242 62342808
434 921465040
107 11004213
1643 58497901
1847 662395203
758 354354407
2145 766692020
638 265386747
2618 577942614
1061 571772106
381 835842193
1144 14985898
2105 77746773
1018 914686505
967 677785177
2394 458189028
88 258491383
216 17444132
1812 104866947
2025 994662702
2033 180435666
1252 266521949
2076 269435232
2796 38663904
436 75900084
1310 568789274
1988 480999176
60 542366798
1710 373295197
132 771579792
688 569870670
1680 96054416
907 417160237
2235 76220987
2814 447037970
1947 120589788
2202 388244206
2773 514451371
2365 735191425
774 957868873
258 525295421
1958 284676876
360 252432777
2780 221611014
893 867506910
2584 87664091
561 826138560
492 896354279
2691 99964097
1540 683727917
632 541376146
356 543074389
1464 330338888
2666 442747637
183 391208929
3 201033737
2533 158310048
1950 785478760
835 24853403
863 70215967
1155 146043575
2616 207660278
2767 704924129
864 8552911
499 296268903
2537 861376960
2593 440869544
1840 390193098
2752 267703935
2241 586306597
1553 284411960
2133 928254003
1236 299035848
2118 190690768
2427 637955421
126 918453815
123 321091659
971 899141472
944 239368784
102 895075855
1639 347877051
852 287065282
552 585363716
1696 57781985
2131 139590836
2348 319538710
1065 124715062
2526 100079816
1250 446892703
657 508521623
2775 91536172
2226 623650285
1326 617958096
269 896326691
258 926173117
1712 804408692
2272 145633409
1655 950953845
565 263079276
1725 301222890
2476 127920396
698 16253289
1853 650527114
651 361862648
2607 135055571
726 286139877
916 603255832
1846 891182672
1697 448012081
1217 222270107
2316 742339190
506 51793647
2147 134708658
1381 183531252
1453 761340829
602 667648313
1966 665119252
1977 350763187
438 850727176
2109 613142001
1482 836909585
1844 871879247
1940 411128143
827 241186236
1111 476864360
646 472310604
1264 813262661
2795 273705994
41 708935664
883 55380661
623 359993651
813 678601846
459 801511383
1775 152181540
1154 760680965
112 263158032
1682 188964185
448 109318994
1555 789613829
1054 850782660
2532 772073518
2619 149390737
1479 785805142
1934 943344142
947 158641728
2859 667050423
2161 762667229
203 264022915
2393 747081954
799 105050494
2475 963830147
618 989851318
2062 860111066
1648 147736218
723 847952907
2205 361090572
1921 732554993
660 402935962
1126 869689189
2263 243948350
2638 57071369
1951 32599565
336 825011342
2073 460007164
2143 613724856
1285 580379367
47 819974442
513 376850539
2270 535128380
1154 763547837
2057 843957199
1160 723458836
2023 168609768
602 574264621
1456 182783253
1739 192523300
1758 27385576
2880 798153434
983 832160700
234 994645547
2559 384499772
2684 224183884
2627 12216476
302 680513898
500 557515573
1531 971186483
2249 170578774
1571 801275454
312 359809416
2102 551511342
2199 566992410
813 191671058
2001 331156194
334 585550720
1338 228941678
119 760314198
1765 725735321
936 207217727
2080 829558256
1300 665945861
1618 214585887
1834 96216087
1582 865934314
1320 528889096
1279 167467303
2501 603950570
1330 861018017
410 938349601
1309 724504536
767 955355142
1513 636061218
911 361171931
1164 792823944
1 343365251
815 741307778
1179 923499264
2356 961260130
432 648142328
951 966551205
935 477733257
724 14713026
2417 56471803
757 920793668
2751 826615438
2034 945006280
1369 786266271
2242 352717617
1540 243811609
2491 117000974
1521 343814748
2272 848020201
594 69804524
1033 707917469
1112 750670832
1804 994315516
2610 689538346
1761 267826729
2570 575508435
2266 527515894
2503 507543521
627 99701283
1936 293981529
2147 2168129
1622 216119538
700 417545562
1677 316534314
2071 479065990
2360 893794676
1292 886212888
85 31925415
1723 804050606
1052 240697891
1522 831897220
2544 144750575
908 891938308
1773 231707458
2019 401383958
767 807669428
54 356438616
1764 401973540
2072 41314557
1604 759425634
671 358091893
2885 976392362
2554 16061571
1837 465483429
2229 452243854
2866 877584201
2638 482524037
585 472173797
790 711786318
863 995102817
203 542998691
1897 368892610
551 549585567
1893 142998372
2825 125552836
2870 197098025
1619 132841475
1903 454903550
2821 522716075
281 276899056
610 581860042
1839 679454656
1824 387682205
1570 798539028
916 701082064
2722 876956267
2632 616548996
948 585132270
1208 80215484
2681 371395264
2761 25905118
724 854881625
1260 231802695
364 249231254
2702 838856364
333 854433761
1846 217728313
991 933587110
2320 643910124
1518 295546665
6 972226224
63 306149856
2503 169055451
352 788091482
1924 169120848
1897 580967110
2618 616045528
787 626631956
2207 684625258
2617 388012789
952 180363956
2298 467633521
481 56380609
1329 8922266
1807 598279248
801 253208935
73 7792135
96 163660712
2704 910597135
1204 922943526
1913 32141632
2040 750559141
1133 720445491
1529 835603288
209 10868507
2377 173106659
355 565550855
1261 237453344
249 322061776
2573 984116199
937 434678686
2145 706957259
1846 469856781
49 712853999
2799 181678519
1681 482251545
1519 136802685
2812 569182583
239 744520397
2880 859269497
2103 987789966
161 625586153
5 211493998
405 531068015
1867 985740774
1193 297803524
2745 539436245
857 351386514
363 98510397
1473 845581415
1852 139899683
2237 171147763
2820 159702524
2629 111639995
1792 571989876
438 664754615
82 593599940
2272 413603233
511 617779262
2639 135823356
1751 35932178
542 267207827
715 936805349
1039 687885719
491 113925946
34 41266993
2263 556972473
1373 998175401
442 424826659
1773 206876408
2016 581490288
1578 941598585
500 543801518
621 227650944
2029 374657030
1771 816596680
2183 54667662
1485 446835581
1809 285780116
1220 81703256
2759 63215712
792 415684221
1504 535393533
1172 252530894
2471 859833715
407 786064062
1391 801028082
1587 273195235
2232 472485148
536 927920865
2294 574032878
2182 824280473
2543 280707157
2489 272175262
934 285067440
2258 193356915
721 883209136
1651 659813854
924 275823856
1923 322683862
1726 78430805
852 24650032
2663 1191952
644 41607671
2616 802766265
1061 504876807
1058 825741844
2247 98065742
2623 819623561
17 270128246
994 651258528
1155 959075570
460 632700311
1733 462940676
1705 761529762
2196 680080340
705 168127953
543 974827439
1445 486236066
31 65565953
526 260863338
1358 757189993
2014 405701993
2167 669445132
2561 223003001
1705 262320634
898 485628184
2489 70897790
502 781962996
2844 529155823
1753 377935437
1389 711460229
2093 801150846
1642 132788148
1256 85875694
1830 347673744
992 2485130
1730 415744014
566 448187787
1287 350606315
429 245728947
2075 163403451
2496 343719372
1701 880841054
98 24591294
731 168494385
2147 568846282
2076 457431858
2182 897834217
640 123974829
2441 450833825
1403 136447880
1984 276939827
1732 110051653
1708 291961708
2707 315625682
2389 8984927
1022 376327685
1934 690613792
444 806097999
231 469801347
159 374512677
1742 427809709
1915 47270010
2531 358578321
2317 829393019
1066 343389429
1816 105780879
1993 941555832
2370 427874290
2582 796302260
2593 146910125
1358 602765473
363 21554097
92 699221137
2734 193120708
1158 809462125
478 492243258
1087 681409001
348 527383845
1825 179001999
114 563164158
1497 813139375
2188 491384006
1331 207458283
1884 147095125
130 132972258
539 379398414
380 886965743
2603 513351204
827 619557611
725 730804672
1380 973491013
2096 774033005
913 213904927
891 736253756
749 753044236
2513 216629596
1306 45452317
1648 494840417
2022 327159232
2730 480881234
1000 165886720
1209 931426889
2675 331030459
667 90460272
2638 965231506
324 805582549
1265 985089823
1164 859212416
1439 313690585
1339 870513159
2234 666281434
898 874493394
2428 175438210
2539 799565490
1257 111866124
2821 457229967
2869 342143320
387 633938060
1244 916915195
493 711097411
1041 73966275
2309 543219309
1371 375679094
2206 159638684
1885 215914071
495 120709873
1904 543519394
835 983891501
399 527441568
1578 121904754
2613 700031996
941 398733522
918 558408344
1313 565827153
1693 107157096
445 744314068
1157 66308986
640 425165989
1649 894005957
1775 158548783
109 112818427
1485 477283011
259 895483375
2548 160906962
1221 185454039
106 299373329
532 797580263
2743 384540652
1667 8992182
1500 143006447
1161 896710568
108 546643374
1239 274519796
299 790278177
2737 930628974
1569 460131841
947 431030902
1519 439070500
2342 196809242
2427 990007714
2188 718189768
750 546608351
799 578016780
1976 691158679
2815 252904403
871 777296907
1591 452733539
814 623805529
44 270798341
2864 834966971
630 606945274
2173 503033005
1249 255645808
2010 586631126
918 419733500
2387 166059990
504 84336843
1127 466073172
1903 505096398
452 766104323
2646 217051822
351 926954698
2492 81224965
215 249811728
1430 452431323
1380 61045421
720 481884062
2045 311278033
2180 182710725
2122 1492254
2230 457226671
975 564769345
436 605125395
677 542614381
2689 59791052
2787 691624925
2874 398385241
826 776034021
1553 345338431
1961 113174501
1588 361496703
2734 251485831
2808 796675035
1070 299354563
135 401985033
1146 552516025
2286 810599207
2342 242111261
1872 373738001
736 142499061
2771 999635018
109 238474707
867 179388434
2695 395719838
2546 356123005
2197 738090513
1971 232885777
1724 843841175
1802 423226745
731 785621790
2241 905112582
515 399391293
573 525707399
2545 22061701
2185 930802947
676 29406682
2327 533133448
2352 307540311
2111 66095990
1228 811541346
964 108476506
388 390639831
2487 214753460
2161 796796297
2416 481808022
2677 537166075
1339 699000198
385 255770000
1471 158904301
949 244010129
1343 158101458
1250 171959215
384 214108862
2706 643895147
1494 735971297
557 891190270
203 482594029
422 125626579
2703 804420653
2212 556003751
2328 287175520
1889 500384980
637 697800044
1738 160276185
655 390458403
2019 191405877
2285 928966820
1889 374317
2079 584804930
132 242057156
2870 636951204
2190 114433150
1721 628925426
1807 621811233
1439 950805354
2684 365508870
2572 635965663
1954 983039328
2095 217834069
438 686023953
2726 242192105
204 877943782
1188 911675231
35 470404524
2503 497477164
1532 760352804
2609 652907641
1180 831083280
1317 288063053
1473 713756744
184 984287664
1259 170738915
2605 472153980
260 656326699
76 896871944
1801 345196495
1861 31517699
805 472862176
1493 511697400
383 244304469
2006 715349679
2637 167102688
2302 879524718
1443 498718815
1688 590322054
885 48480658
2631 77713779
2350 8629464
488 734757678
2794 408923607
257 5185378
339 256262457
2435 53413788
969 577863562
348 425151444
2267 740601087
1678 984715393
1625 128177796
1305 658342213
168 508426016
2570 370097155
1660 63225182
2215 867528868
2039 93240079
14 801690556
1240 800388710
510 842228424
138 310689678
2384 174126082
2489 828127524
1559 487990445
1636 851490473
487 429304922
2285 665110338
1876 448145089
1787 750274705
416 279642747
2044 231229810
534 269060915
792 496558461
792 639517094
438 635786595
742 187221190
1144 465770930
1987 969397948
1079 318409236
1288 53396397
2176 153335043
326 660904964
1933 384703913
1391 223775455
2248 842169223
383 247444686
1931 836700800
2480 710011670
2284 937244208
2519 430174690
2467 324004511
1640 477555596
1889 278040265
2051 172720265
962 833669849
2434 150574489
299 945506476
601 896388968
1284 921210047
2089 189212929
921 952556877
1893 196663430
271 205820630
1039 926095375
1883 75833099
2260 919780822
86 785612340
283 232361163
969 654608466
1307 972947118
188 532684397
352 173158563
2680 328482580
977 194467337
1801 575795575
1124 238116208
1148 418514142
1904 881855753
616 741084177
35 709295679
621 746980752
761 118843337
1940 56635716
2297 267348136
1811 169217321
1421 599882562
1446 287985686
2638 521847190
1392 484238130
2058 543167735
1305 108194806
10 294703309
622 494886596
763 90552465
1015 688821300
1769 560235916
1486 824373277
1801 845684701
1249 180098322
2292 624334774
355 856529373
45 777845049
483 683631376
828 651164817
1572 965360877
1167 633780880
2395 733558068
326 511133703
1804 140913389
617 78178615
1455 24606086
616 800384158
1026 88005914
392 94107436
2085 898118740
2217 565286801
36 297621511
457 107779028
2435 390977860
1893 156300483
1664 105027981
159 295347746
201 681068721
1300 899300650
1587 255366027
1550 273132995
2314 301198631
2829 217212041
58 118561779
1376 692180650
1316 884540424
1043 50435302
2638 166976418
1885 20470263
2175 292966471
1761 994210413
1759 933021116
1200 607250466
959 632937620
850 128338559
805 157788464
915 508703928
2801 73868718
60 102770133
2800 430581610
1723 908081813
2826 48447153
1364 367737139
2774 738729004
381 671470498
1821 168390807
1246 805489401
290 415165028
1753 922169917
1300 800886003
1502 936238160
2777 3330497
1529 804182559
1979 152504141
1079 39772249
1927 421653569
1101 221497372
1665 777814714
88 969739073
710 882499047
2203 889612586
677 950804626
1780 355459479
2046 277189731
2216 68516890
2149 565475020
1321 816146382
1461 173626448
1392 419397571
391 352996530
713 270289092
2493 330516516
642 524883499
2521 489011596
2408 20927111
1611 603926787
2355 606797928
1692 288793817
1866 982433875
1788 460559961
622 152356730
1217 656681753
907 346250168
1514 754898844
1842 700317552
1500 351157691
2730 370350055
785 841132297
1692 864606623
1240 994717634
103 140987351
284 33145282
1431 205207756
2530 892439947
2458 83707747
2266 175284536
2101 430130866
1073 277427309
267 538634778
255 969172902
1249 590457349
289 850234107
1901 144447828
2022 115432823
735 808224626
420 249129067
2505 931990599
1648 91645404
273 191193061
2871 169813944
2751 144094124
827 318034863
2202 820777792
4 409340529
2269 454887873
2221 830331484
1156 250635680
2859 272387680
852 971453163
945 199276359
2465 39371793
750 221314963
38 792093271
2480 401610787
295 317796035
1725 454658885
102 417422266
2249 116361627
2015 400539790
825 139496285
2201 602358426
2154 462439901
1533 128487175
2123 640896
406 700105868
164 731513459
2645 224489196
2798 25023804
1599 229827221
2479 756703772
1976 169666877
1894 406533032
21 376884709
970 825991343
197 407839018
2330 887445293
2322 893446554
1248 17997118
2780 230427329
948 733047788
783 179696500
2691 204413064
1243 158926054
2522 532042230
883 319362458
1121 912505640
107 619024135
2793 952195991
774 811543986
1153 56938486
2040 372194677
2166 561778657
1997 474925336
2600 946119425
2160 369661445
823 680124575
1987 26384689
421 163711993
1341 348265502
1602 142962489
2541 996353768
1050 471567347
1245 830694020
2287 153980490
608 257937453
184 867950999
1978 572003914
1511 80068435
510 327398677
2396 264823863
1533 419429236
15 146437128
1325 276894471
582 479940977
2014 465715740
891 754702387
2707 19024351
2848 841791405
2646 205537002
1350 868126260
2164 46087588
1611 125978037
395 142225104
1786 545599737
1588 141471277
1121 264979902
1415 287835855
480 475869115
2846 839983393
1760 802729817
2255 291985538
2586 45808959
1947 969056737
2643 840231941
2506 512511893
2203 152970776
137 28054072
1027 367810159
2283 8631718
47 433022463
2390 886247933
455 691781197
1336 85481401
1710 763630021
1631 244103197
2311 18912305
846 37649524
2561 113124059
1877 230705482
2384 477488219
47 64543290
660 97920718
1222 944248739
1914 666046185
371 933957255
955 482009662
1232 494391566
2773 957994585
1018 104315558
1793 784663348
2034 649242711
1320 55176581
1100 962481931
163 17441573
1787 511268147
2053 551419340
2333 877805003
1265 201511323
409 733565253
2872 896028977
1321 832949072
1083 792448064
1619 200715986
1495 189838212
1798 457221287
2639 846522549
1094 118195719
2391 542898140
286 237347010
1283 99963163
814 997399002
2404 352736783
2762 887071422
2532 418867123
575 93038388
1603 498285965
1046 198066656
266 649609639
1029 26426884
492 390704766
308 956443496
815 655623910
2632 290472796
643 303136118
2426 351335913
1552 254593972
945 304435328
1694 136327481
211 418418508
1184 182444115
2570 425472319
464 834200634
1626 390364293
1330 93085532
2414 213978653
2789 295748927
2649 221976834
1293 726902212
1873 205009318
2660 278322554
1735 19653500
2692 687061836
623 363465917
1208 507381774
792 83278963
30 146198903
2057 599607566
2759 942029427
1499 500503021
858 247169546
301 494039994
2481 361375896
2152 887319670
87 160344419
486 293957575
2081 733895096
550 85413827
1677 961397294
2129 421591933
437 73936706
1666 311291116
2665 586345822
1532 363386822
1983 632047607
1867 725124580
578 630035005
27 589142358
1980 130780322
1094 252765896
1442 713049400
2807 843281554
1880 919567140
2761 431248477
261 673378943
1447 76228010
712 279208459
1072 661910418
387 796714320
1218 97869613
1933 243179284
2471 584911856
989 629316912
2718 163655129
2640 508669147
1483 185874881
1881 146611431
1442 268568898
2 397163004
2006 737099123
452 314063181
423 524611250
2629 554617077
2634 876942801
2836 281924460
1308 208939220
53 352133612
2401 809646811
2331 584258238
855 175380740
2608 430806204
609 801676912
2795 32776158
2161 195005668
2895 7318992
2692 376708553
662 139661668
1435 454839240
2190 845067374
1047 106437640
1440 754992128
681 623263782
2890 839266278
2658 40400356
1358 446783351
1866 116574089
1761 406450190
70 98557070
220 836656246
1491 213585685
918 897694295
1404 611213406
772 599962969
340 440914932
2676 848858195
2530 412618122
1308 431448593
499 79846143
2089 758253808
903 161571084
1727 24275932
2873 73954668
20 100885946
1582 336439421
1512 193104049
1678 416381521
386 610527302
1437 381027630
1152 211499583
675 605881386
690 568582029
2021 671210063
622 921513480
1656 852474582
1866 462292656
609 764785725
2571 216617692
2094 886038973
2231 234106928
970 271445320
1481 315455774
2437 959770083
951 860119268
1008 611316545
609 228774921
248 355355473
1398 207923343
13 364791207
465 773354617
96 352985257
1524 809194191
1836 283895908
904 277787249
1872 334706186
247 292385349
652 506062978
671 354220960
522 766210279
284 427190942
1735 39192722
1132 698494197
1195 12282048
604 499595532
513 66269947
183 533730353
1735 43381720
422 543106606
217 456290520
2329 60889589
607 868383409
1843 225262724
2655 891218361
1099 72667419
95 806061074
1749 26051451
2710 434000706
2261 849421754
1755 574882252
2434 533348349
911 447348911
2819 471957437
2212 441942800
28 986385610
568 991213670
2039 97996257
2707 369731899
854 711233135
1258 338009288
756 211004165
2862 882020790
2823 254256810
1566 583731113
1018 13768986
667 690757300
1855 433478062
2309 784189630
1314 769867344
1543 185249364
2362 877007044
1824 303050819
1647 993518577
2203 825572261
2887 737981496
2471 680231039
261 116799903
495 294332999
237 761568936
671 838997574
2765 339518033
954 677668181
2108 101909299
143 152826019
856 368958328
61 255823110
2622 284313186
58 523517810
700 249176785
2801 101906496
2595 10137700
266 289308175
1996 490023131
1785 407104723
1967 506879764
461 233129130
2439 579868176
2379 111526335
894 373286701
2373 348923950
2234 89726025
572 962742858
2603 927149151
74 292352094
2840 617882423
1701 639932930
1396 75307237
496 537494589
1647 397295437
706 82675490
1040 698345467
1955 527137755
979 742084948
1950 386058036
543 468185975
192 86605712
287 816341161
2535 63401059
655 213668823
1850 991985089
2437 783346542
738 368670088
2609 82361302
1182 699826597
2581 884403600
686 480199768
2638 743328913
1637 852518576
1416 454043575
985 334196211
2078 5568585
1227 678288213
28 938230707
2193 147284451
96 861398656
2403 603433628
2762 591875099
2208 226120152
792 954706244
268 749162655
2797 131788737
1614 840055103
2394 722856502
14 732541028
395 54561096
1267 175816052
1537 506128733
1971 879237437
2423 623273341
2884 209711375
625 951301271
633 719487858
2228 379993426
1048 441338852
2261 532435047
1276 231196630
1592 176790362
2524 704820439
765 592199545
884 229848063
1287 179692630
1635 498918795
359 171063150
969 513501043
2542 225084056
174 958732508
1046 350978838
540 386037482
963 746538586
2702 482313021
2861 221609087
2010 703776290
2157 43206273
2569 408283129
2167 387420965
747 790148716
732 733805860
878 298702993
1387 890186621
431 312285933
1683 798754957
2468 756561537
573 806379648
2726 908314546
612 438048498
1160 587159962
23 1237544
1301 385268528
2574 549966234
2761 211506764
2009 752878132
2853 801206020
322 948457595
1244 225581379
403 413402531
242 41766211
1730 399731330
242 273201583
775 363639098
1815 129193482
2013 570146441
2006 547368275
88 432039791
694 716450554
2482 237913547
1786 375693231
574 944250250
1195 550893826
2657 484822493
193 48918498
1175 202932985
954 18574882
8 539465385
882 859249837
1085 511466573
355 165949369
1498 7352027
1966 674073465
1006 137277090
2611 757781635
2825 154054746
456 904033297
535 179368326
2283 225279132
1452 607776581
1675 621852898
741 675272938
2873 95503370
2127 65576450
376 314785586
2882 282716690
2761 962990328
2182 741267044
214 407506085
665 212160614
2338 411115366
1630 387875856
2748 697438456
505 267082806
2166 620803308
389 559122353
2701 116795483
1699 10870786
68 515004872
1431 296319078
2528 439923871
495 964632918
431 927702326
2666 400473409
2553 106800684
2372 233768644
206 965430610
896 450206586
1060 19338897
1811 394973821
