10
400 1
84 74 13 25 93 22 31 61 26 65 65 78 69 23 64 13 18 19 12 24 93 44 33 34 13 51 31 1 34 33 46 85 63 89 92 65 97 47 10 76 40 23 68 21 31 94 20 44 6 97 10 92 40 64 2 51 28 30 71 11 43 62 99 86 90 13 14 97 46 93 7 93 63 83 5 71 9 60 14 41 18 79 12 37 97 48 62 65 87 25 47 66 80 52 48 70 26 100 70 58 46 21 26 42 66 26 87 91 24 5 75 45 95 49 96 97 98 76 35 1 96 99 84 1 66 33 93 23 22 73 22 89 38 50 87 76 10 4 98 78 52 48 4 100 68 49 38 91 31 32 91 44 87 74 15 43 68 50 5 67 65 80 67 80 57 7 49 35 81 78 92 91 5 84 10 84 56 72 61 28 29 11 49 10 3 69 50 3 12 61 26 57 29 87 79 79 65 50 56 83 68 96 55 26 60 36 62 19 67 89 72 72 89 3 95 60 24 41 19 75 95 50 53 62 78 91 97 39 53 86 27 73 55 86 86 96 51 3 6 78 11 31 97 79 90 38 92 90 7 73 66 49 11 72 79 99 75 60 88 18 43 71 0 13 85 71 19 97 59 95 64 73 46 79 19 14 39 33 49 11 43 96 37 58 13 18 40 1 78 96 40 85 50 8 9 28 37 2 46 40 95 40 10 19 78 32 26 100 33 13 67 8 2 55 77 50 4 40 58 31 86 54 93 84 24 17 89 17 89 89 6 80 19 41 22 62 26 45 19 68 71 3 38 54 5 43 78 65 40 61 37 82 58 71 36 79 68 39 8 71 52 20 10 25 96 99 23 81 48 81 84 58 46 91 27 16 54 68 97 10 62 30 51 40 48 53 10 75 7 35 94 3 7 55 26 91 58 45 85 3
400 1
12 55 41 94 58 46 67 51 23 50 20 43 54 4 29 48 44 19 40 53 37 55 60 18 96 59 19 53 3 53 14 23 19 22 5 71 77 2 65 67 44 92 45 88 51 45 89 11 89 90 96 48 70 66 89 23 17 75 97 45 31 95 45 76 2 98 47 26 72 90 53 15 55 66 89 42 36 72 29 14 15 29 55 76 39 63 99 56 33 94 91 0 71 90 75 76 76 56 8 23 51 42 48 55 24 29 91 46 58 2 79 83 56 100 35 84 74 37 69 8 27 95 5 66 24 9 21 43 23 79 55 13 7 52 43 55 43 34 35 11 99 23 31 18 46 82 87 22 8 7 33 15 29 20 55 83 46 44 67 12 15 89 33 28 91 8 47 61 8 59 98 2 27 26 4 99 77 73 87 51 27 22 41 76 100 97 34 1 20 9 48 86 46 31 20 75 92 36 95 41 57 30 85 6 51 94 85 13 90 76 15 2 27 26 92 2 15 99 80 18 19 33 80 21 65 62 76 67 43 3 84 38 70 69 50 9 99 82 73 97 54 26 38 12 80 7 34 19 77 69 45 4 26 13 10 42 65 92 28 37 36 6 63 24 32 63 20 47 30 86 36 54 96 38 8 47 76 5 10 22 21 81 42 1 28 20 50 58 65 66 37 17 50 1 87 6 40 17 26 44 50 65 16 47 32 8 22 52 0 14 72 0 25 15 3 32 86 79 78 95 15 61 89 90 73 60 91 26 85 21 78 87 36 90 65 73 39 66 39 33 94 20 47 22 22 84 100 14 26 92 2 17 33 94 38 63 98 52 60 12 66 68 10 82 70 9 4 29 63 43 99 20 1 34 96 30 13 79 96 71 73 45 68 19 39 62 12 88 20 29 11 68 58 22 29 87 29 12 53 4
400 1
66 42 17 20 49 37 57 41 44 70 44 25 78 92 84 28 15 43 10 94 13 17 23 80 29 18 23 51 55 4 2 84 35 47 9 38 24 97 15 53 82 55 78 96 7 84 33 19 40 45 68 36 41 52 83 68 65 12 35 28 75 33 41 29 66 32 58 40 70 80 38 46 26 32 36 85 35 65 80 69 42 40 34 56 42 17 2 28 67 45 18 50 51 48 37 81 89 24 21 3 52 96 18 65 17 4 64 71 95 40 30 94 6 15 85 29 4 54 53 43 73 30 47 88 10 76 18 22 85 55 0 10 95 13 57 72 95 64 38 18 7 42 26 82 69 52 10 68 13 84 37 60 91 35 95 0 56 27 0 23 31 70 57 38 75 62 57 97 95 60 94 19 0 51 97 41 54 57 1 54 63 6 60 24 64 18 1 42 34 11 82 25 76 91 60 33 30 0 90 37 90 14 17 60 2 5 72 22 83 73 29 16 13 78 38 81 26 87 75 54 58 23 79 49 89 46 4 82 43 89 24 62 11 68 93 2 48 59 52 68 89 22 35 99 2 38 50 99 79 82 67 75 62 7 9 5 92 78 73 21 4 5 98 32 45 45 21 91 78 36 29 53 72 97 40 51 97 26 35 30 73 38 31 73 90 18 68 92 9 36 9 6 6 66 5 41 56 96 39 16 84 18 67 80 92 95 76 62 3 6 50 59 6 6 46 71 15 60 7 71 43 18 15 80 51 81 34 87 80 67 67 32 32 21 38 51 53 1 77 57 55 10 8 87 69 58 92 98 56 3 84 56 41 22 15 44 33 7 81 83 28 56 63 100 73 18 39 45 68 44 78 70 4 88 66 97 39 34 34 77 91 26 59 92 87 63 97 80 74 38 95 31 58 98 70 55 26 66 14 90
400 2
85 69 2 12 16 17 39 100 13 78 35 98 94 51 3 65 6 86 1 57 92 35 26 82 67 24 57 42 36 43 68 68 77 17 75 41 2 14 22 74 91 23 88 50 12 38 25 36 88 26 19 36 14 77 52 89 25 32 88 29 2 10 19 8 69 6 93 79 21 58 67 84 5 12 38 18 24 10 18 14 10 79 76 47 30 80 68 68 77 92 74 72 92 53 34 19 82 61 10 12 64 79 61 1 100 48 68 95 72 44 44 26 10 45 87 10 44 78 85 4 48 0 90 54 71 53 95 90 94 0 53 92 48 86 39 21 99 99 12 91 20 23 65 86 17 47 7 60 37 51 43 68 98 53 88 78 87 51 70 26 74 52 47 1 84 63 50 33 14 33 1 41 4 56 53 84 56 33 64 24 89 98 66 2 72 30 65 50 10 8 16 57 71 34 24 32 29 52 4 85 48 34 54 44 36 56 98 43 32 62 9 57 1 100 5 97 58 66 55 76 64 39 43 97 24 2 15 58 47 98 5 58 32 14 98 43 31 18 1 98 83 88 36 40 94 71 51 63 64 81 73 67 94 38 88 92 19 36 41 91 12 16 100 25 84 65 19 87 30 64 5 18 98 10 39 37 65 8 28 91 63 8 35 8 69 95 29 25 10 45 8 24 64 18 65 69 27 33 6 54 47 56 54 61 90 55 69 63 93 74 8 90 15 43 54 32 0 73 96 9 18 96 38 82 65 31 75 0 67 20 51 0 10 66 16 57 66 28 66 90 41 42 56 59 17 2 13 59 19 40 86 51 82 83 83 26 91 52 38 100 59 28 74 69 39 33 26 18 60 13 32 13 18 93 19 80 31 68 25 23 25 84 43 78 94 89 22 9 25 17 85 61 79 98 92 56 58 87 82 4
400 2
54 22 28 69 43 63 37 48 69 63 93 82 90 11 20 44 77 3 20 50 79 71 94 62 62 73 52 11 34 72 70 76 12 28 54 10 18 43 47 17 53 10 16 27 32 60 89 65 71 80 41 93 4 39 81 23 48 4 20 64 84 84 1 77 29 75 42 28 52 95 78 47 60 17 68 21 100 58 11 69 74 33 62 51 100 44 43 41 44 48 29 80 80 65 83 18 74 72 64 3 28 81 97 7 49 75 45 62 44 89 64 50 20 35 13 32 26 61 70 76 0 76 53 64 62 32 20 86 6 35 95 84 46 32 100 4 38 31 74 74 44 68 90 64 58 70 2 87 64 78 86 39 77 10 92 95 79 78 35 68 66 72 45 80 24 17 41 28 56 3 62 4 17 93 79 63 55 54 52 10 100 11 41 79 48 43 31 16 69 75 4 62 32 2 31 83 51 84 84 53 79 53 28 7 92 38 17 46 14 67 18 98 1 63 77 94 19 38 27 37 55 29 98 99 0 76 45 24 75 97 38 50 38 58 19 69 15 61 10 47 58 7 70 71 52 39 96 47 39 68 25 0 28 3 89 91 70 64 76 88 21 54 1 41 20 71 11 77 82 13 98 57 94 29 88 2 80 96 68 93 94 94 94 62 57 30 59 65 23 4 86 89 36 83 17 48 90 64 20 100 1 76 99 60 56 56 17 62 36 26 98 77 94 33 92 63 97 56 12 54 68 31 11 49 59 42 12 21 93 61 80 74 44 57 91 26 75 97 91 81 74 92 92 49 35 66 100 51 95 97 79 55 91 72 47 100 35 7 52 35 78 84 26 69 63 12 86 52 67 39 84 23 23 12 85 34 21 100 30 33 83 91 2 94 25 49 2 19 68 62 23 49 98 37 48 64 78 77 1 49
400 2
67 27 12 35 75 93 7 53 81 60 65 25 37 10 98 8 45 57 93 49 35 99 56 94 3 37 94 30 36 97 17 41 60 58 34 39 15 52 75 98 35 35 53 23 34 49 38 36 78 60 95 56 3 87 41 66 75 18 16 0 14 15 13 62 11 46 42 81 60 48 58 78 50 43 45 30 51 39 20 85 10 72 48 6 90 77 17 45 58 28 69 83 93 87 7 41 19 67 94 4 69 99 83 47 43 46 41 10 20 0 12 49 53 74 73 76 75 37 100 65 49 39 41 30 18 59 27 53 6 71 73 26 47 27 89 19 41 76 88 38 6 72 93 3 57 15 24 79 46 13 93 87 82 71 75 18 31 22 24 63 53 44 6 35 92 74 29 63 44 21 0 16 41 88 89 93 26 44 21 76 49 17 64 55 7 3 79 77 68 42 100 57 22 62 66 85 93 12 91 39 36 70 33 32 29 87 10 56 92 9 70 92 99 34 5 8 6 77 31 33 37 76 62 3 65 32 1 89 41 89 71 92 43 91 42 96 55 19 88 1 23 42 40 82 82 86 55 22 58 80 56 81 5 7 18 40 38 14 89 79 80 59 77 66 8 34 45 83 75 52 57 97 38 37 1 76 19 33 65 43 52 96 94 100 21 85 55 56 48 39 28 75 41 71 47 6 34 31 13 59 63 10 83 100 61 53 77 56 3 63 20 12 40 44 76 53 50 70 47 68 48 38 22 81 54 30 9 47 75 78 23 16 51 39 4 100 40 19 54 36 27 75 76 41 96 42 91 78 72 79 47 75 2 66 53 70 56 3 3 31 73 61 90 60 51 66 71 25 7 81 31 98 96 33 71 41 58 32 47 26 10 54 70 81 56 78 95 36 90 18 79 59 11 94 23 100 33 66 94 7
400 2
0 9 51 24 60 16 66 76 66 86 86 91 35 42 76 95 69 32 32 63 79 78 6 66 20 89 98 43 75 22 73 48 98 57 44 6 32 21 49 35 86 96 18 65 74 2 68 5 86 56 38 15 2 78 69 48 23 79 69 32 21 81 19 90 61 70 83 53 47 99 93 2 41 96 67 1 90 90 73 92 80 72 81 28 85 4 77 70 97 99 10 40 86 79 92 83 12 2 94 27 94 47 31 50 49 72 92 20 49 95 30 63 12 53 1 88 73 94 17 23 30 52 32 56 1 22 59 24 62 66 67 81 64 67 45 15 3 78 43 13 89 33 38 56 60 24 62 78 90 38 74 17 24 68 26 12 51 65 10 35 98 53 59 15 66 71 70 27 66 84 61 7 97 90 33 21 27 77 64 54 36 76 88 47 16 47 74 37 20 52 55 37 16 20 4 30 93 94 51 64 13 36 67 0 49 20 19 76 92 33 62 68 74 82 96 53 54 52 2 9 4 90 20 18 15 28 67 52 70 17 10 66 7 96 7 91 51 39 55 78 76 43 30 98 48 12 47 96 49 44 90 87 10 79 64 63 46 59 14 43 25 58 93 57 28 14 40 80 78 7 76 1 49 7 43 24 1 13 63 19 11 94 78 70 55 80 85 75 9 24 6 11 48 88 25 41 7 38 86 6 41 91 71 50 65 18 51 84 25 87 46 17 28 35 22 72 91 58 54 88 25 58 79 80 80 50 4 45 7 93 79 15 34 28 96 60 7 33 88 36 19 44 18 63 17 19 71 44 49 7 13 15 69 61 35 49 98 16 61 16 52 63 37 91 52 98 42 85 98 7 32 71 78 49 92 25 38 89 18 10 76 67 48 99 20 69 99 61 82 90 56 46 26 2 26 78 87 10 66 86
400 2
86 42 40 22 19 61 96 47 70 29 78 69 18 29 99 56 87 48 50 37 89 20 69 57 7 28 33 23 36 61 40 5 6 10 96 8 98 56 55 3 52 87 88 72 38 44 3 22 12 8 57 70 64 64 99 37 79 68 40 43 1 72 66 97 32 1 6 26 7 38 76 2 94 85 27 72 32 35 26 54 45 62 99 23 49 40 49 55 62 10 60 88 21 29 44 22 1 68 18 44 30 47 82 57 47 0 85 3 32 10 38 95 77 68 50 57 85 91 31 42 29 15 10 11 15 23 64 43 15 46 80 7 49 67 51 76 10 30 77 96 93 52 93 3 71 84 58 96 86 78 57 96 74 58 72 28 10 28 85 95 42 83 84 15 94 78 16 17 99 16 83 89 95 1 10 84 46 19 61 70 76 19 54 81 48 17 60 72 23 82 1 39 15 88 41 17 75 25 83 24 19 3 62 67 90 7 70 43 82 70 66 60 81 75 35 82 64 39 97 34 22 13 23 0 2 70 90 12 23 68 77 30 69 80 32 28 11 84 46 14 48 95 30 22 98 2 17 46 21 41 91 51 37 70 100 3 81 44 26 16 83 53 68 12 91 52 69 66 27 68 24 37 84 53 88 98 7 97 9 76 37 4 23 63 76 61 85 93 2 27 93 16 56 73 46 81 65 14 68 93 53 79 38 23 63 10 6 60 98 7 68 29 93 16 66 81 86 66 63 5 19 20 29 36 16 99 57 63 35 97 37 43 76 29 65 51 7 69 59 89 35 78 19 0 80 35 96 75 37 29 57 52 81 1 73 60 28 55 34 97 54 30 47 46 10 7 88 86 59 48 77 84 0 26 89 12 81 7 45 97 50 56 57 56 9 29 36 58 13 26 58 48 60 90 96 65 93 34 27 64
400 2
50 98 12 62 78 91 16 60 79 9 99 23 88 32 56 21 24 87 88 7 71 55 45 85 53 30 46 80 74 56 93 73 93 77 0 85 8 96 32 13 14 72 59 25 27 67 75 0 68 62 62 76 1 8 93 10 58 42 21 91 71 98 5 92 9 53 16 5 4 19 32 46 83 70 54 25 1 2 20 38 87 79 62 93 66 79 60 35 48 78 43 68 54 58 38 38 0 11 90 29 2 82 68 45 30 97 11 73 75 70 2 0 99 86 30 53 58 82 95 68 39 2 91 82 68 35 4 22 97 73 17 83 84 29 53 16 37 70 98 11 44 82 97 47 44 51 78 63 78 60 19 5 100 73 76 76 79 64 78 54 95 51 67 38 34 25 1 70 94 66 91 92 99 96 10 90 72 16 86 54 10 19 55 86 1 33 40 37 13 37 21 51 30 92 94 87 49 95 73 1 47 62 31 63 31 57 1 73 58 34 84 93 23 33 29 59 46 62 62 98 9 19 78 33 55 28 15 73 20 2 74 34 97 14 99 26 11 35 98 32 31 94 18 99 44 32 76 100 93 20 18 61 80 23 53 31 44 5 94 68 0 49 0 47 59 53 100 13 2 53 70 29 100 69 32 75 27 41 42 11 68 42 97 18 76 40 11 34 53 53 64 7 18 73 2 97 31 90 30 51 25 42 32 25 81 32 50 56 47 67 2 3 67 18 87 28 52 47 53 26 78 7 55 71 1 10 75 38 36 24 4 18 6 62 88 44 73 91 44 77 87 22 24 87 40 20 1 34 40 87 58 95 16 87 36 69 20 75 60 77 7 24 82 49 60 58 15 87 43 65 55 70 63 62 49 5 99 19 90 44 95 72 94 49 51 52 91 82 5 85 61 13 12 26 83 13 61 23 25 11
400 2
99 12 86 55 19 12 0 94 13 67 37 22 71 20 34 53 43 30 24 9 78 84 97 97 45 49 11 35 22 27 6 1 70 21 29 78 3 82 13 38 85 68 95 93 57 61 56 82 85 87 34 64 95 50 33 35 67 71 27 9 4 80 68 14 0 31 34 83 89 56 84 84 78 38 5 77 41 5 63 31 77 64 2 47 5 26 51 91 7 86 33 5 86 15 11 94 44 48 35 81 67 11 94 71 72 66 48 63 95 96 31 87 67 15 22 72 50 50 28 95 34 10 86 34 4 65 85 84 68 68 59 100 84 24 50 48 10 51 31 8 65 23 76 15 57 73 41 43 91 100 34 80 79 95 63 47 24 81 11 97 81 14 69 56 30 37 23 42 30 93 3 61 4 15 98 53 56 15 34 99 84 57 75 7 68 30 75 76 33 13 64 31 39 79 86 6 98 25 74 49 67 91 57 41 96 43 13 49 32 86 46 39 60 94 63 74 67 19 88 22 94 66 48 78 75 41 62 1 21 97 85 86 0 45 67 24 64 87 23 68 10 8 62 94 18 4 58 67 30 10 5 92 82 46 20 87 37 44 85 3 84 80 31 35 55 42 86 72 84 10 25 50 1 13 50 15 81 68 21 20 75 15 0 14 48 57 43 43 70 0 34 61 10 28 63 80 83 53 61 94 31 78 69 45 7 90 65 34 1 25 55 17 21 79 53 56 43 50 5 58 20 46 63 94 52 80 42 41 16 95 85 77 41 83 36 5 42 7 74 99 38 66 47 32 87 86 85 1 76 27 79 3 99 85 3 87 62 58 44 3 40 87 9 66 54 3 33 13 33 19 2 59 35 48 31 57 98 18 52 66 99 69 56 76 52 59 30 77 93 13 87 90 66 91 91 75 48 52 10 8
