5000
1 -919 -750 -122
1 72 -461 -45
1 359 -254 -950
1 75 773 121
1 109 938 -949
1 773 -67 291
1 -844 -946 -748
1 882 -870 549
2 4
1 193 65 415
1 31 83 137
2 9
1 551 18 -38
2 5
1 49 -386 -842
1 909 -487 729
1 279 785 -909
1 259 307 868
1 910 -115 -735
1 91 424 959
1 -711 -791 -835
2 14
2 18
1 -432 -287 667
2 3
1 94 69 694
1 438 943 873
1 -661 -774 397
1 681 -874 322
1 728 -16 -28
1 -550 69 -227
2 13
1 -257 -482 -753
2 24
1 610 740 -570
2 23
1 -137 42 -568
1 164 -771 -861
2 11
1 83 581 -361
1 -722 164 -642
1 -383 -129 680
1 732 349 646
2 20
1 -306 176 -876
1 -900 497 -166
1 -90 815 397
1 21 131 -205
1 -937 157 -822
1 -642 274 -375
1 -383 486 -783
1 560 -710 451
1 160 -171 -591
2 12
1 666 -310 -183
2 6
1 -5 -598 -960
1 -430 545 -602
1 22 614 553
1 -488 174 867
1 373 995 -608
2 41
2 43
1 695 850 -594
1 -974 562 -512
2 8
1 -674 196 737
1 502 -43 647
1 -348 -493 454
1 -58 922 -867
2 21
2 37
1 -125 203 -8
2 35
2 33
1 -912 52 260
1 -47 335 563
1 404 99 147
1 487 206 -838
1 488 782 663
1 -214 186 794
1 -558 740 -2
1 419 582 164
2 10
1 -900 -879 -443
1 -214 703 -20
1 -899 -798 -114
1 -594 957 -956
1 64 -296 681
1 -61 -287 -314
2 54
1 -446 -305 478
1 -688 -613 -39
1 -428 609 538
1 954 -735 -952
2 72
1 -321 -694 -672
1 312 285 -586
1 -305 -458 -129
2 28
1 -221 -543 266
1 921 -358 441
1 -927 140 -3
1 -125 601 -578
1 95 99 563
1 -261 -29 203
1 528 417 -445
1 -297 701 -286
1 -463 -581 -18
1 842 951 -789
1 293 -440 -537
2 68
1 -996 -984 647
1 -245 790 -597
2 46
1 -824 -108 -710
1 879 -358 704
1 160 -774 -298
1 -276 -437 -725
1 102 921 465
2 88
1 -177 -139 278
1 994 647 242
1 -820 465 623
1 307 857 625
1 -851 -966 -11
1 399 100 -150
1 430 -210 517
1 -119 504 -530
2 91
1 832 587 423
1 733 -537 214
1 -42 70 80
2 32
1 946 -832 67
2 74
2 53
1 515 390 -708
1 153 190 -943
1 6 -963 -591
1 -933 843 -424
2 26
1 413 415 -648
1 637 -472 -398
1 -233 -429 386
1 -923 176 -321
1 -914 964 -160
1 -443 -40 -405
1 -119 85 -488
1 632 748 -553
1 332 875 -6
1 378 356 -136
2 116
2 59
1 763 -821 317
1 -12 -798 881
2 114
1 -321 -728 -736
2 66
1 109 516 500
1 790 893 881
1 -141 351 -900
1 516 145 589
1 113 27 -535
1 166 -617 947
1 468 -713 -206
2 65
1 -468 -384 937
2 50
1 645 -342 -119
1 -823 185 -162
2 38
1 806 126 -287
1 128 584 -791
1 -724 -803 616
1 899 109 -530
1 712 -52 -484
1 540 37 351
2 86
2 111
1 -676 -75 -926
1 858 -847 -321
2 117
1 -235 -713 37
1 788 -720 642
2 49
2 126
2 108
1 233 -66 -429
1 290 843 -937
1 422 -322 948
1 943 -521 -393
2 105
1 -538 862 805
1 -696 -237 770
1 -359 -130 186
1 -344 -714 142
1 -23 -649 -812
2 135
2 67
2 133
1 414 -931 -248
1 376 -5 -99
1 755 -768 -109
2 25
2 64
2 144
2 39
1 -580 286 510
1 503 -319 101
2 15
1 -875 -312 316
2 104
1 -965 -796 -594
1 565 -858 883
1 124 294 -870
1 -1000 -778 -73
2 137
1 -883 -586 413
1 619 -85 -238
2 118
1 -711 430 -314
1 239 -224 163
1 -723 449 830
1 533 -744 476
1 -264 494 -410
1 -861 406 -789
1 -84 988 805
1 179 395 -666
1 423 159 812
1 943 -262 505
2 1
2 139
1 -349 974 -14
1 24 -45 -429
1 225 -872 -921
1 -495 351 156
1 893 23 485
1 -326 -659 811
1 -346 -798 -93
1 -851 293 -517
1 569 -66 -263
1 -576 -818 675
2 128
1 694 -166 65
1 306 433 677
1 827 -992 706
1 -687 727 682
1 166 123 917
1 -759 566 -936
1 24 -450 472
1 -124 691 -910
2 142
1 682 -185 814
1 -797 -979 -15
2 178
1 11 -171 403
2 157
2 51
1 -157 591 -887
2 180
1 -31 -750 -317
2 87
1 25 -400 -741
1 -562 -945 -911
1 -988 -425 12
2 151
1 989 -220 132
2 123
1 -488 -49 -559
2 169
1 -878 255 883
2 109
1 -831 -457 245
1 690 637 -262
1 -788 17 439
1 153 347 41
1 -503 -720 492
1 97 -250 -323
1 929 556 87
2 138
1 -686 17 655
1 562 -581 -261
2 82
1 -724 -586 880
1 792 -988 -78
1 -220 -510 -724
1 950 -172 284
1 290 -586 -281
1 741 -909 -410
1 -30 171 919
1 185 152 -878
1 -495 -327 747
1 -984 -703 712
1 -245 854 -531
1 518 -219 -857
1 641 129 -373
1 -58 181 -114
1 -362 464 -437
2 132
1 185 -684 -218
2 173
1 298 679 629
1 -372 -649 164
1 548 253 561
1 362 652 514
1 138 -783 -291
1 280 -371 822
1 824 -683 50
2 235
1 -434 900 314
2 192
1 49 575 -762
1 50 200 762
1 -221 431 -195
1 19 -742 511
2 167
1 -469 -835 956
1 131 933 982
1 525 -655 -342
2 146
2 219
1 -125 850 -720
2 230
1 -499 -67 -669
2 57
1 287 -508 -45
1 834 213 973
1 -779 799 -151
1 -805 -515 297
1 670 -379 -147
2 249
1 798 137 -365
1 -703 -127 -498
1 -728 -289 75
1 -423 -43 -468
1 -609 -85 9
2 170
1 -23 264 608
2 17
1 -737 595 -137
1 -899 644 41
1 982 15 -246
1 649 -614 986
1 -93 -679 570
1 6 485 302
1 938 844 -785
1 -815 -946 -18
1 -73 -118 623
1 -418 623 -903
1 -106 -346 -109
1 -37 -988 282
1 962 452 -359
1 -544 890 331
2 214
1 332 -28 -407
1 743 -460 -482
2 197
1 172 521 596
1 69 481 -10
2 212
1 -609 795 965
1 -353 -964 -550
1 748 233 -563
2 158
1 778 -471 -555
1 -704 657 49
1 58 373 860
1 -581 -783 218
1 -969 -916 484
1 -724 -976 564
1 32 20 -867
1 660 581 -841
1 -653 472 129
2 270
1 -624 -279 -174
1 -70 320 308
2 171
1 706 -724 -556
1 211 -208 481
1 802 836 597
1 499 5 -338
1 -800 -659 -751
1 163 834 -263
2 143
1 654 891 -378
1 -62 -525 -434
2 191
1 0 -822 73
1 969 306 -47
1 -853 -137 97
1 -560 -647 -160
1 22 -507 590
2 89
2 154
1 82 -674 -536
1 61 -951 -939
2 186
1 -933 9 -361
1 693 -551 -457
1 -489 -544 230
1 953 -215 573
1 -873 326 -407
1 407 -478 623
1 -285 -226 -469
1 -750 -683 -887
2 156
1 -879 425 733
1 339 310 882
1 -465 -41 914
1 861 300 984
1 827 -507 683
2 79
2 125
2 30
2 208
1 -119 218 -265
1 -581 390 54
1 -783 -470 -326
2 31
1 -201 178 -502
1 -890 688 -908
1 -188 967 -196
1 520 -26 640
1 -454 -736 -510
1 56 -54 761
1 591 -994 -81
1 666 335 387
1 -451 73 14
1 976 819 -261
1 698 -185 874
1 -824 -123 -211
2 34
1 -627 -356 -671
2 301
1 -739 -248 -760
1 -233 243 -304
2 177
1 -820 -481 -52
1 918 520 -38
1 -909 501 902
1 -515 -153 -102
1 258 -432 533
1 294 436 224
1 121 -697 737
1 -407 -38 -423
1 -968 -125 -424
1 940 387 716
1 34 613 113
2 78
1 314 -744 33
1 -346 235 917
1 209 -399 -948
1 -466 370 10
1 -338 -100 -272
1 73 237 -660
2 200
2 287
1 406 -795 -296
1 -310 42 -989
2 182
1 -193 419 -678
1 770 -677 -829
1 671 673 653
2 275
1 646 -208 986
1 440 758 727
1 627 148 -16
1 865 240 -549
2 256
1 -956 -182 168
1 349 620 77
1 192 -763 689
1 646 -761 872
1 -622 -640 425
1 213 613 -920
1 347 605 893
1 549 -198 -205
1 608 498 -436
1 -354 -644 -479
2 140
1 -905 306 919
1 647 -346 -306
1 -763 -491 -244
1 440 714 666
1 281 -226 403
1 324 -374 952
1 -686 189 -58
1 87 -965 -328
2 204
1 151 -90 -788
1 -592 413 143
2 257
1 -103 291 -88
1 -717 -13 529
2 277
1 -819 740 -265
1 270 -450 -393
1 -367 687 256
1 -931 595 -266
2 239
1 194 480 77
2 227
1 -323 -980 -790
1 -644 968 -878
1 200 -289 -214
1 535 984 -769
1 799 -667 942
1 -7 -583 188
2 63
1 -899 -94 -720
2 196
2 231
1 514 -579 -674
2 121
1 -514 -937 -517
1 413 -332 -301
1 -897 685 116
1 -40 424 691
1 -863 -403 15
1 89 -636 22
2 185
1 -223 -18 -780
2 314
1 317 599 -314
2 285
1 12 923 -818
1 -971 -552 178
1 803 -24 -254
2 355
1 -887 413 76
2 162
1 48 -66 852
1 -255 270 345
1 -890 -121 79
1 -164 597 784
1 -990 -878 277
1 164 144 -291
1 492 -423 4
1 -793 -522 -876
1 -230 -174 -74
1 552 516 -22
1 408 -543 404
2 36
1 -268 -679 -726
1 -477 322 -167
1 997 -711 -697
1 -170 -357 618
1 -885 343 619
1 873 -566 -715
1 -553 800 -681
1 815 -547 607
2 330
2 392
2 407
1 709 362 113
1 -883 581 953
1 805 314 -300
2 347
1 -397 939 431
1 311 122 -988
1 -695 -924 -868
1 560 -504 -86
1 646 559 336
1 899 -383 442
1 -196 172 -144
1 -348 -995 810
1 -664 387 717
1 67 -58 -470
1 949 -142 36
1 976 397 -110
1 31 -493 -696
1 -912 799 -667
2 387
2 127
1 -931 -856 -863
1 635 903 987
1 -36 753 597
2 225
1 -25 390 866
2 368
1 910 439 537
2 217
1 123 -752 741
1 83 -587 332
1 580 -393 513
1 589 519 -801
2 198
1 958 892 -811
2 215
1 -617 -950 599
1 -101 215 898
1 346 158 407
2 339
2 442
1 -477 910 -990
1 -250 -348 -479
1 -20 -412 -476
1 242 834 977
1 105 -238 256
1 304 300 346
1 639 -465 -122
1 -169 -918 -335
1 751 -314 -586
1 305 -370 258
1 -438 -982 835
1 -54 946 -922
2 414
1 827 -205 -670
1 359 -979 -473
1 -648 -874 -525
2 229
1 998 -925 -998
2 445
1 -577 -380 28
1 819 -548 745
1 -325 -988 696
2 189
1 -503 936 -544
1 945 -531 838
1 -938 178 94
1 65 20 201
1 314 -98 -824
1 36 434 -76
1 119 -829 150
1 980 -543 188
1 340 -548 -982
1 -411 -195 709
1 429 -226 678
2 265
2 372
1 943 -667 335
1 -167 287 -141
2 299
2 460
2 477
1 -856 978 -845
2 187
2 236
1 811 331 181
1 -436 278 724
1 716 -265 -220
2 183
1 155 373 -559
1 44 -554 -290
1 -595 -364 -716
1 -543 263 -528
1 -886 962 179
1 868 328 137
2 394
1 -93 -645 775
1 -905 48 160
1 -472 471 655
1 -645 437 -870
1 222 422 817
1 -426 -570 99
2 134
1 -19 561 531
2 434
1 -778 -759 725
1 -525 -429 -883
1 -917 -913 -438
2 81
1 768 -671 -608
1 34 689 790
1 -4 668 913
1 -668 -344 -373
2 386
2 48
1 344 -386 -393
1 -59 916 -929
1 -874 891 468
1 294 565 -857
1 358 430 -638
1 -318 -565 440
1 402 574 -282
1 -205 -564 474
1 661 127 913
2 514
2 342
2 176
1 391 -6 -455
2 451
2 367
1 443 -167 -402
1 -348 -818 -809
1 745 -768 784
1 -752 54 449
1 -999 593 -726
1 -652 -42 193
1 896 188 412
1 -139 -675 961
2 263
1 94 76 -59
1 -161 968 442
1 -887 -100 -64
1 -481 -734 -802
1 -766 22 351
1 428 -168 9
1 0 -724 105
1 -304 -202 -164
1 920 878 408
2 45
1 -729 -509 -574
1 754 -33 246
2 374
2 532
1 108 543 628
2 69
2 226
1 597 -634 -89
1 890 -523 -761
1 -273 867 -487
2 512
1 -555 418 -302
2 397
1 699 685 631
1 -48 -857 292
1 776 202 -921
1 59 249 -300
1 -423 397 143
1 125 151 418
1 -64 -904 436
1 848 -668 -222
2 440
2 515
2 518
1 -353 631 922
1 -744 -933 -872
2 402
1 777 -50 181
1 -20 -497 274
1 993 860 424
1 677 -427 -436
1 -980 444 693
1 -790 -198 892
1 -413 571 31
1 -378 116 952
1 519 506 767
2 431
1 762 653 52
1 -825 152 -223
1 -162 -740 594
1 -281 532 34
1 189 -39 -395
1 -160 -390 979
1 -745 -881 871
2 564
1 -510 604 -969
1 352 -501 -750
1 -958 859 341
1 -120 392 596
1 476 975 138
1 -569 -163 698
1 -583 -141 -247
1 -252 511 313
1 88 -213 159
2 580
1 -703 -747 172
1 797 612 412
1 -321 478 -421
1 405 -302 449
1 332 138 -26
1 871 -729 -540
1 793 478 -804
1 -182 163 -173
1 330 500 -998
1 -350 929 607
1 -385 -16 773
1 934 45 -428
2 244
2 98
1 176 -487 -871
1 106 -683 -357
1 1 -330 -298
2 184
1 147 750 419
1 -391 560 -679
1 -183 -341 489
1 -521 -576 -150
1 485 135 -555
2 378
1 -234 639 209
1 -399 -776 697
2 271
1 493 -267 -858
1 917 756 151
1 241 -392 883
1 -782 940 -782
2 55
1 541 -625 595
1 -360 823 -265
1 -467 -241 336
1 -749 264 137
1 194 837 955
1 699 -152 -836
1 699 -229 282
1 318 285 -229
1 635 -724 57
2 340
2 557
1 -771 896 -791
2 527
2 598
1 -450 941 -703
1 378 -518 369
1 376 -544 654
1 956 -472 -722
1 392 -726 523
1 -180 -818 -981
1 -965 -791 -446
1 591 26 -151
2 245
1 -3 919 -296
1 -400 915 -206
1 913 -1000 -5
1 -154 -371 -866
1 -589 742 -798
2 130
1 -602 171 -904
2 303
2 561
1 -444 278 18
1 972 -996 -68
2 145
1 214 983 431
1 -771 248 439
1 -920 551 -499
1 252 183 288
2 441
1 -869 914 32
2 630
2 266
1 556 -721 -335
2 237
1 44 530 867
1 336 -837 381
1 621 255 462
1 810 -119 767
1 -618 656 -665
2 623
1 14 -438 793
1 -410 561 -445
1 -360 -751 837
1 39 -535 -553
1 -97 -702 775
1 -123 -188 -233
1 -383 -811 220
1 537 -876 338
1 -82 -420 867
2 56
1 68 823 -501
1 -832 -743 727
2 496
2 93
1 88 714 21
1 -968 -882 788
2 356
1 824 26 -275
1 -89 665 855
2 107
1 733 -455 34
1 -658 -821 -346
1 -969 -761 -461
1 187 -933 -890
2 605
2 148
1 -867 -518 -447
1 228 606 -516
1 -854 939 -319
1 -817 -747 967
1 -646 715 -879
1 -166 -392 -749
2 331
2 351
2 422
1 982 276 -314
1 588 -611 -935
1 52 684 -563
1 231 -805 -240
2 326
1 805 703 -396
2 309
1 -260 -729 -129
2 660
2 389
2 437
1 -110 -384 -299
1 -809 -653 -547
1 684 -358 -124
1 533 947 -538
1 -846 -890 667
1 656 -721 165
1 -61 684 -584
1 920 358 739
1 862 275 606
1 -843 877 489
1 93 746 608
1 -638 140 -965
1 -492 -362 441
1 -169 912 -687
2 504
2 639
2 75
1 832 420 244
1 790 962 -257
2 569
1 714 213 447
1 442 -374 -177
1 -522 795 536
2 62
1 -571 -284 259
2 369
2 480
1 -753 387 726
1 310 -757 488
2 199
2 136
1 -776 -475 347
1 -603 777 810
1 -2 -679 -10
1 -502 287 105
1 589 476 487
1 -354 659 962
1 -277 -852 -519
1 -87 -463 310
1 -626 398 -270
1 950 -445 436
2 666
1 716 627 -419
1 -343 611 -295
2 579
1 4 -98 99
1 769 -572 530
2 589
2 636
2 444
1 -834 -402 68
1 554 999 412
1 -646 -640 -519
2 519
2 228
1 -248 470 208
1 -189 683 -710
1 62 141 -775
1 509 23 -967
2 248
1 546 201 -587
1 -591 -257 443
1 417 -532 -309
2 516
1 334 -53 32
1 860 -152 893
1 276 898 -744
1 726 -220 978
1 791 535 -577
1 -615 847 384
1 519 -603 -166
1 807 -607 -99
1 -743 -599 -89
1 120 -728 832
2 202
2 201
1 428 706 -101
2 320
1 347 -14 379
1 195 -780 -889
2 345
1 946 -937 458
1 -475 -646 859
2 699
1 994 -312 645
2 533
1 536 -704 939
1 -335 -182 -406
1 224 588 -662
2 269
1 172 -274 -795
1 132 -138 -950
1 695 -181 308
2 468
1 408 -177 500
1 -327 -442 779
1 -923 -461 -675
1 -499 723 112
1 -362 -810 -1000
1 -436 -545 -75
2 276
1 114 742 -914
2 617
2 473
1 -820 747 546
1 -444 27 482
1 -492 897 827
1 -903 -978 -158
1 -332 -537 -789
1 365 -808 -493
1 -394 285 -231
1 -904 -750 206
2 388
1 964 331 -169
1 255 588 560
1 101 -489 668
1 682 -714 -140
1 -353 -524 925
1 -346 56 -198
1 -597 645 346
2 668
2 720
1 -95 106 -640
2 705
2 449
1 -124 -717 -852
1 644 -684 20
1 985 -708 -37
1 831 -355 903
1 116 920 739
1 722 367 -174
1 -902 751 743
1 -831 870 -413
1 416 -331 -447
2 661
1 577 103 356
1 -179 -807 -703
1 -657 -903 -449
2 590
1 -170 107 -917
1 -302 144 -214
1 239 -377 171
1 -631 508 176
2 753
1 842 -60 478
1 -304 -621 -269
1 954 650 381
1 5 -249 898
1 700 603 107
1 -927 107 -141
2 548
1 174 745 -715
1 869 -259 -705
2 758
2 544
1 -909 639 729
1 855 -160 351
1 -227 939 -509
1 948 -244 -373
2 520
1 507 -830 140
1 79 -31 481
1 -97 -537 512
1 383 625 -545
1 -420 -709 637
1 -753 -316 836
1 -406 817 -153
1 919 -246 -351
1 635 77 -833
1 -756 -946 169
1 510 -576 657
1 204 153 492
1 -709 -168 -281
1 128 -413 954
1 824 501 -589
1 -262 895 788
1 741 -615 424
1 -300 695 -847
2 436
1 -442 578 722
1 343 507 -765
1 -290 23 246
1 -51 10 591
2 778
1 -192 -198 648
1 -422 813 927
1 -937 -461 -246
1 364 951 277
1 856 -719 -972
1 599 544 -19
1 -566 -910 298
1 644 -809 490
2 439
1 20 954 736
1 810 -542 380
1 61 -702 -81
1 -622 -654 -178
1 34 -106 469
1 -571 256 510
1 381 271 -532
1 -355 633 -139
2 611
1 -770 -522 -668
2 348
2 174
1 -599 81 858
1 540 -563 -119
2 706
2 719
2 149
1 -53 551 869
1 768 729 484
1 -291 801 602
2 297
1 436 -515 743
2 131
1 -338 -771 -552
1 682 -183 893
1 -559 7 747
1 749 246 752
1 122 848 777
1 787 -490 -691
1 984 -603 299
1 260 189 2
2 646
1 -555 407 409
1 -58 507 951
1 948 -833 119
2 565
1 -948 570 548
1 651 411 -166
1 166 114 714
1 895 -955 791
1 343 909 266
1 -159 -614 796
1 613 -316 -522
1 -187 -715 995
2 593
1 -971 938 799
2 690
2 741
1 645 581 509
1 416 205 603
1 -429 -424 -841
1 -211 -186 85
1 -94 -370 898
1 851 652 -872
2 308
1 -683 33 -352
1 518 226 -419
1 -920 -230 184
2 761
1 -838 -484 94
1 770 -592 -942
2 550
1 -643 543 -173
1 224 -672 -598
1 -48 708 435
2 731
1 566 950 -741
2 537
1 -419 -651 -60
2 807
1 -54 -235 -206
2 671
1 367 899 738
2 846
1 -928 -915 27
1 148 104 421
1 450 -153 864
2 447
2 361
1 -654 816 -15
2 670
1 -779 -13 -922
2 396
2 267
1 -807 83 -946
1 329 83 372
1 813 723 -893
1 -212 -499 861
2 443
1 -370 216 962
1 -189 -820 101
1 559 -450 -205
1 -942 456 743
1 785 -213 -757
1 -124 377 160
1 108 455 -713
1 -418 607 31
1 -134 180 -477
1 496 797 -788
1 835 -788 184
1 862 -919 164
1 700 849 816
1 -626 -207 -488
2 890
1 -410 -131 464
1 -447 -895 -678
1 773 -896 -536
1 -871 -429 -384
1 446 407 -561
1 754 690 33
1 -27 -819 358
1 -516 442 -115
2 476
1 -782 985 295
1 959 -302 -441
2 709
1 -311 523 -710
1 -158 182 -909
2 459
1 -752 -317 -25
1 497 477 -322
1 -537 -443 716
1 -5 -853 -79
1 605 903 17
1 -326 -921 -312
2 757
1 -915 362 -826
2 324
1 141 265 97
1 399 -792 -911
1 -512 545 -172
1 340 -803 200
2 632
1 799 -327 -130
1 -579 -903 -536
1 -388 426 -763
2 251
1 -600 -610 -466
2 247
1 -527 -925 -755
1 441 -624 86
1 -460 734 251
2 568
1 -226 -423 -108
1 803 833 138
2 380
1 348 734 -483
1 973 -517 272
1 153 414 27
1 894 67 -528
2 919
2 311
1 -254 617 -535
1 73 669 -373
1 -446 -612 281
1 232 -565 239
1 885 689 -387
2 494
1 -877 -785 617
1 -42 665 570
1 709 338 -692
1 508 -825 -224
2 892
1 312 -103 73
1 -787 659 744
2 945
1 988 -297 561
1 -988 -467 -467
1 -713 -726 -670
1 -613 560 -193
2 842
2 471
1 -704 -862 -129
1 -560 -192 926
1 -853 78 -604
1 259 202 -156
1 29 -738 575
2 398
1 161 -607 -655
1 221 53 125
2 899
1 324 -922 429
2 282
1 -417 495 547
1 735 456 680
1 974 -209 900
1 -244 -521 252
2 61
1 775 513 -753
1 132 71 -818
1 -668 -106 -209
1 477 -648 -566
2 76
1 -526 570 -148
1 589 -268 -516
1 225 -456 484
2 584
1 -731 317 -822
1 -677 -981 558
1 -886 461 -661
2 530
1 -683 892 -427
1 -450 505 789
1 734 -426 231
1 -113 -723 -903
1 -331 258 670
1 384 898 874
1 -293 803 312
2 618
1 -440 379 851
2 223
2 896
1 -612 226 340
2 483
1 390 118 -307
2 570
1 79 -331 -237
1 -124 -531 101
1 415 -1 283
1 378 133 -410
1 -650 -373 642
1 -516 -575 260
1 217 513 811
1 574 -269 649
2 672
1 -701 907 -315
2 898
2 647
1 -64 -575 899
1 -381 -874 515
1 -570 492 366
2 873
1 159 -443 152
1 -118 -541 -828
1 -137 602 -319
2 809
2 429
1 413 812 10
1 289 -149 -130
1 -13 -874 465
1 -723 895 -189
1 80 -85 -315
1 -995 -533 -199
1 -3 -983 700
1 943 -487 -227
1 339 -679 -306
1 -954 987 870
1 -317 192 -456
1 838 747 636
1 -488 -978 -964
1 803 -721 292
1 406 724 631
2 941
1 -817 -552 -987
1 -95 886 -51
2 860
1 -418 144 -77
2 650
1 230 98 -761
2 1007
2 462
2 384
1 -169 399 -943
1 803 -953 -15
2 922
1 466 238 -527
1 620 501 825
1 -620 -470 386
2 536
1 -944 955 337
1 921 68 976
2 961
1 837 -780 -625
1 -481 -201 188
1 232 -774 350
2 634
2 52
1 102 381 941
1 -511 563 964
1 -659 -287 -85
1 195 485 -610
1 353 540 -847
2 653
1 -362 52 -432
1 620 302 -7
1 561 458 780
1 -221 -763 -720
1 -221 864 -316
1 425 177 358
1 -758 -838 -126
2 467
2 1000
1 602 374 -821
1 290 -274 -699
1 505 665 -483
1 -765 504 747
1 -210 266 -67
1 277 287 -434
2 1016
1 130 26 -68
2 370
1 -901 -217 -999
1 557 -500 261
1 -543 69 529
1 -313 184 -520
1 -583 -907 421
1 -705 504 -774
2 600
1 -393 -251 -139
2 193
1 51 137 225
2 571
1 -982 -261 -860
2 586
1 845 -924 998
1 -219 -324 422
1 -885 -626 -448
2 957
1 -778 684 2
2 181
2 363
1 739 715 -798
1 -545 930 -474
2 769
1 686 -51 -583
1 73 -265 816
2 336
1 761 -922 -350
1 -259 456 -823
1 -868 962 883
1 302 972 750
1 -60 -184 -612
1 313 -243 80
1 -272 -578 -507
2 453
1 -949 376 928
1 603 -149 975
1 -952 943 566
2 425
1 799 787 -853
1 726 -554 180
2 528
1 256 -225 -103
1 740 389 -329
1 62 -230 812
1 -781 -435 635
1 165 572 -261
1 -835 910 847
2 450
1 -884 744 491
1 0 -732 -759
1 -822 -173 746
1 -764 -972 -42
1 -826 85 -86
2 535
1 -726 325 387
1 -638 503 455
2 322
1 -129 283 436
1 -41 -191 123
2 295
1 306 -361 -707
1 483 861 -84
1 990 -215 -294
1 -621 772 -272
1 -946 613 596
1 817 188 -591
2 424
2 1031
1 -208 375 486
1 177 -923 143
1 -873 -189 662
1 -903 -998 -291
1 -741 -239 -89
1 -837 -696 -525
1 197 -405 787
2 936
1 -63 -294 -170
1 -460 263 698
1 -728 -748 -243
1 757 763 -340
1 517 -333 802
1 -987 909 -234
2 785
1 -134 774 310
1 -64 765 199
1 -557 975 803
2 513
1 -724 -323 -791
2 624
1 -564 -290 -63
1 663 879 724
1 -266 446 529
1 -373 254 -4
1 124 -29 -782
1 -701 943 190
1 -177 247 777
2 141
2 939
2 806
1 -377 -261 42
1 409 -954 -193
2 933
1 -929 996 -410
2 238
2 507
1 202 288 198
1 805 939 -828
1 -449 -812 -240
1 42 712 -421
1 228 496 -499
1 -869 -687 -707
2 472
1 -341 -151 -418
1 -789 -655 -153
1 -905 509 -954
1 173 -648 999
2 663
2 1030
1 241 300 468
1 -36 831 -320
1 862 62 -659
1 540 482 998
2 863
1 731 -611 -395
1 -540 477 -162
1 -182 423 -30
1 -929 -881 -735
1 -861 -363 569
1 -651 66 -403
1 -388 -902 947
2 159
1 -99 -58 227
1 643 -853 579
1 -83 398 502
1 165 269 336
1 -882 -507 -589
2 681
1 643 -38 -897
2 930
2 1013
1 -988 71 856
1 499 -208 410
1 545 -624 -922
1 489 -724 571
1 -419 -214 -846
1 -590 131 79
2 652
1 -512 358 788
1 668 542 178
1 383 556 250
1 -846 -175 -870
2 953
1 -50 -556 184
1 488 -367 -595
2 651
1 -238 -700 -540
2 1023
1 -456 -420 418
2 845
1 245 -144 364
2 981
1 603 761 -937
2 739
2 260
1 45 696 -569
2 984
1 126 433 -5
2 696
2 1093
1 -986 -280 -222
1 949 504 732
1 -270 -733 527
1 -953 446 -141
2 27
1 -537 -41 738
2 884
1 898 824 -864
1 186 -943 430
1 -371 -679 -681
1 857 -740 -370
1 -97 903 33
1 -533 159 -712
1 290 -437 -375
1 839 109 173
1 664 -370 945
1 528 994 137
1 -324 -624 -298
2 409
1 -418 -896 -547
1 -852 -954 -417
1 -913 -23 219
1 162 -35 -427
2 42
2 1115
1 -371 -766 -386
2 521
1 -758 485 -198
1 -90 -294 -947
1 -798 176 -65
1 -502 -291 101
1 -529 762 -395
1 -875 -688 -591
1 -853 -474 -742
1 -806 227 -886
1 -675 547 -189
2 524
1 -104 -427 424
1 621 -762 -37
1 395 -105 -408
2 1186
1 42 -774 62
1 675 -72 231
1 735 935 -927
1 242 104 729
1 852 -303 -762
1 51 -242 -119
1 702 -479 409
1 -308 -712 -164
1 -830 -366 -584
1 -129 369 -634
1 -657 -172 -90
2 262
1 -523 -481 -244
1 -299 -689 557
1 528 -390 927
2 508
1 -115 213 495
1 171 -779 -381
1 -433 521 274
1 112 968 384
1 51 -961 370
2 693
1 -50 716 -484
2 153
1 -252 -780 -490
2 457
1 -552 -560 -303
1 679 -406 -512
1 -77 -950 -496
1 391 179 580
2 1184
1 237 -909 789
1 286 -761 -292
1 212 -653 763
2 1012
2 791
2 1078
1 764 85 -253
1 -514 405 871
2 1113
1 747 739 -621
1 359 -985 -440
1 -960 -3 108
1 -479 -315 581
2 350
1 -761 -992 -88
1 305 -773 -698
1 -581 567 -262
1 973 520 722
1 -454 47 893
1 318 -310 -528
2 1149
1 854 254 474
1 830 56 751
1 630 -497 -376
1 -333 -938 -575
2 928
1 371 -254 -283
1 -921 25 -615
1 -164 601 504
1 -13 -497 739
1 -871 -193 224
2 500
2 980
2 641
1 -69 150 -651
2 905
1 578 -356 60
1 -849 75 360
1 399 187 -22
1 829 599 -704
1 -669 -510 43
1 -759 578 364
2 1178
1 -288 -869 -938
1 933 97 267
1 -881 -363 662
1 997 94 973
2 814
1 205 -678 -168
1 897 -858 -532
1 -185 -547 -385
1 -684 507 -941
1 -625 744 -429
1 -164 -270 -252
1 -824 188 144
2 780
2 539
2 931
2 976
2 831
1 951 -676 -126
2 970
2 349
1 -116 844 -476
1 -299 219 287
1 -906 -678 89
1 -27 546 -368
2 794
1 -793 467 -742
2 1143
2 1206
1 -643 -991 -689
1 120 145 -356
1 482 830 -835
1 -218 291 -93
2 692
2 1026
2 478
1 579 -598 -39
1 -55 -904 67
1 -968 -92 -619
1 424 980 -26
1 -812 -309 -332
2 420
1 -707 422 530
1 410 2 -461
1 398 -235 288
1 255 -777 -247
2 1157
2 221
1 483 935 -222
1 532 -71 -540
1 -862 -972 884
1 191 -894 -94
1 116 -698 980
1 439 -875 -431
1 -137 -417 92
1 -569 949 -493
2 232
1 878 258 -969
1 -334 -751 -580
2 172
1 811 -803 664
1 -392 -928 807
1 -591 16 -45
1 280 -310 677
2 1244
1 -341 952 -208
1 -182 -125 928
1 307 965 691
1 88 -133 892
1 840 -893 276
2 595
1 165 -7 -471
1 -303 -620 236
2 743
2 1129
1 805 -394 816
1 -504 131 57
2 937
1 -196 436 -53
1 -120 -271 -905
1 808 524 -506
2 637
1 295 -389 272
1 997 670 -527
2 327
1 883 -385 -385
1 -595 -520 806
1 -549 -918 -857
2 1296
1 -465 289 -71
1 -39 73 -879
1 593 -311 685
1 501 -987 187
1 -412 -922 317
1 644 458 -227
2 701
1 848 458 -990
1 -453 599 461
2 869
1 729 -747 803
2 751
2 1075
2 160
1 258 -424 746
1 -756 665 -376
1 466 16 -156
2 1137
1 680 153 743
1 -752 581 874
2 1209
1 -651 116 -886
2 735
1 -519 169 -267
2 430
1 499 160 693
2 843
1 -550 161 267
1 -424 -883 -8
1 217 -736 -917
1 867 -786 185
1 155 99 -778
1 781 -763 323
1 288 720 -54
2 1099
1 -113 482 -729
1 248 -478 553
1 -519 -281 -34
1 -68 -889 310
2 774
1 -393 781 -456
1 -684 624 -268
1 749 985 439
1 -871 -857 -632
2 1312
1 256 -647 -115
1 957 -364 958
1 -680 298 -957
1 -32 -815 -448
1 102 118 -363
1 -356 -541 -729
1 -781 -318 -398
1 -620 436 382
1 -720 62 808
2 784
2 770
1 -506 -544 14
2 1324
1 -475 671 300
1 27 888 574
1 240 118 344
1 -149 317 763
2 1102
1 188 410 -140
1 -46 712 -25
2 781
1 808 49 -583
2 736
2 254
2 1043
2 99
1 548 819 -718
1 903 442 -264
2 1254
1 -363 968 17
2 525
1 -591 -945 321
1 237 950 -532
1 -198 -361 -449
1 137 -854 161
2 1136
1 993 993 277
1 -967 705 770
2 1268
1 255 473 -413
2 241
1 24 548 -886
2 29
1 -758 -25 -624
2 1185
1 35 -704 520
1 -774 -900 690
1 598 -444 928
1 -114 71 491
1 -982 -528 519
1 -229 629 245
2 975
2 642
1 -434 522 540
2 120
1 994 -424 -202
1 -571 93 89
1 -181 129 2
1 -297 -579 -849
1 535 162 22
1 -53 570 131
1 -895 -960 715
2 1387
1 -618 -515 259
1 840 361 -702
1 957 342 -685
1 760 54 912
1 10 727 21
1 -546 729 835
1 -240 -255 297
1 -152 -390 894
1 -721 380 -499
2 97
1 138 636 442
1 812 549 -226
2 712
1 -798 61 -518
1 -737 -942 -503
2 1351
1 -343 519 -167
1 613 216 42
1 -933 134 497
1 -484 -410 88
1 -994 866 -875
2 1064
2 325
1 702 -909 506
1 442 -671 342
1 88 -379 848
1 232 -29 434
2 1061
1 683 -617 142
1 -44 -843 -72
1 -493 -303 377
1 76 633 145
1 -5 210 405
1 -932 658 -667
2 875
1 326 -947 -953
2 1278
1 699 797 982
1 962 701 -805
1 -121 -9 942
1 -530 978 -755
1 -57 819 746
1 984 520 -236
1 -501 -786 490
2 1313
2 907
1 623 -903 755
1 -517 -841 -565
1 -637 120 495
1 690 505 -198
1 -546 386 -297
1 812 213 -684
1 -819 -265 579
1 -837 477 -622
2 264
2 1151
1 -926 372 -637
1 -382 -831 -951
2 503
1 -316 296 541
1 211 732 413
1 -373 -231 -210
1 -176 989 -640
1 591 -645 -680
2 583
1 -400 -47 -448
1 -501 -20 -816
1 -395 357 697
1 -625 -733 383
2 849
1 524 -75 -986
2 1193
1 394 -800 970
1 -625 -810 770
1 808 50 868
1 791 -406 -770
2 755
1 -883 170 -946
1 91 554 -545
2 819
1 -844 756 -866
1 -876 -457 76
1 793 -109 283
2 855
1 336 -9 542
2 1087
1 939 -433 268
1 -178 857 94
1 496 821 -663
1 210 -88 527
1 -634 -632 978
2 190
1 -660 -539 -95
1 213 199 676
1 -877 -112 285
1 -590 -980 -935
2 826
1 363 150 -721
2 1196
1 -810 -751 512
2 333
1 -641 -803 30
1 -906 222 -767
1 -924 -866 856
1 -732 -838 -850
1 -847 -741 -495
1 149 -913 -547
1 -712 -527 -850
1 -612 445 -199
1 -100 725 741
1 -939 -446 27
2 990
1 482 588 -683
2 1323
2 1346
1 675 60 31
2 1437
1 -444 822 608
2 541
1 -423 -857 805
2 612
2 920
1 -64 -613 -802
2 1124
1 708 -510 437
1 316 242 70
1 854 835 -757
1 -170 -695 -63
1 234 -542 581
1 44 -129 -272
2 400
2 216
1 398 313 159
2 1396
1 26 -961 716
2 371
2 1290
2 1198
2 795
1 519 -261 962
1 -133 308 66
1 -746 -463 617
1 -738 113 146
1 86 -611 438
1 877 -950 -704
1 185 825 -784
2 1156
2 1250
1 -793 499 -535
1 770 864 -174
1 913 -807 269
1 -658 626 -301
1 238 828 584
1 -651 -573 459
1 -721 542 -928
2 1501
1 -58 -214 -491
2 1058
1 551 299 -176
1 319 184 -999
1 -111 129 100
1 514 -498 -828
1 295 -884 860
1 860 -791 -309
1 210 50 971
1 854 852 773
1 916 -618 780
2 1419
2 1421
1 -842 -684 356
1 -240 -227 904
1 -749 731 580
1 878 479 182
2 1392
1 390 214 909
1 -586 -547 -209
1 457 192 -525
2 989
1 609 461 -883
1 -894 415 845
2 1088
1 991 -448 -387
1 644 969 -293
1 -971 785 321
1 -374 -114 308
1 351 121 -214
1 -128 407 -529
1 152 122 -785
1 -141 176 436
1 739 -118 927
1 -204 109 -258
1 -498 -468 983
1 -552 -619 -528
1 265 386 -604
1 292 355 874
1 416 -13 451
1 146 470 16
1 455 -759 -497
1 662 865 -143
2 211
2 1434
1 -176 460 -885
1 445 248 -607
1 -369 187 -854
1 -798 -773 596
1 -19 -184 236
1 681 239 -642
1 -540 -625 -860
1 829 -366 268
1 -437 889 -741
1 -495 -102 974
2 738
1 -301 626 138
1 833 -215 -200
1 -467 542 994
2 721
1 296 -952 990
1 -79 900 -492
2 1506
1 27 -106 -328
2 161
2 1259
1 396 -588 -793
2 1516
1 -441 -399 640
1 204 765 971
1 -290 -190 673
2 346
1 -123 -68 2
1 -616 606 -983
2 1445
2 1057
1 -524 -321 799
1 -687 212 -550
1 689 238 -414
2 1493
1 256 268 -160
2 1372
2 1554
2 729
1 -792 -831 -991
1 -152 462 894
1 980 -152 702
1 -502 393 691
1 -949 -287 -53
1 -875 -187 60
2 1019
2 289
1 16 -745 -493
1 -424 -417 -33
1 520 36 379
1 757 -939 286
1 305 92 33
2 1453
2 1071
1 21 585 4
2 691
2 1446
1 -332 -55 249
1 803 567 -281
1 960 546 -495
1 7 436 209
1 -165 -115 -560
2 633
1 446 -611 681
2 1468
1 933 -958 499
1 -327 826 -149
2 1079
2 627
2 207
1 -566 -858 644
1 203 528 -598
1 -115 -995 -221
2 1127
1 37 438 -147
1 261 655 -41
1 778 444 267
1 790 766 307
1 -532 -69 702
2 469
1 -12 38 -808
1 -988 819 733
2 1134
1 -337 406 671
1 -301 -990 -69
2 1083
2 700
1 -594 541 -179
1 899 -674 -754
2 1527
1 811 -838 -697
1 -337 480 553
1 12 -133 -658
2 1545
2 1369
1 716 -832 450
1 358 -73 -980
2 1262
2 353
1 396 963 651
2 948
1 -393 -865 749
2 1100
1 986 279 867
2 1257
2 165
1 -804 -742 -792
2 273
1 -997 -562 -848
2 279
1 574 522 -931
1 -464 -292 253
2 1332
2 332
1 -701 -705 -706
1 -680 -91 -585
1 -919 -418 -963
1 400 296 991
1 -673 926 -346
1 -403 -525 -227
2 616
2 876
1 -384 -631 135
1 -712 -778 -168
1 -732 -316 818
1 670 -354 229
1 156 -453 562
1 163 642 684
1 -166 570 -738
1 827 914 -46
1 382 989 357
1 82 231 -541
1 -785 120 143
1 -861 428 -359
1 -87 -790 -147
2 971
1 -949 -182 -238
2 1474
1 -991 -98 284
2 1140
1 728 292 -98
1 702 469 732
1 433 288 869
1 307 -747 293
2 673
1 456 -223 438
1 -517 190 -910
1 193 -558 259
2 765
1 -45 -939 382
1 -723 -499 676
1 222 70 234
1 453 505 380
2 1624
2 824
1 334 -823 943
2 1470
1 -245 -813 -37
1 -919 -688 -630
2 1622
1 -790 703 -18
2 298
2 1302
1 763 -68 -746
1 268 960 -930
1 92 950 -653
2 1443
1 -49 835 -148
1 295 518 -386
1 57 484 -379
1 -887 453 598
2 796
1 -171 887 204
2 566
1 161 -264 607
2 588
1 637 -970 -576
1 -259 -4 -136
1 241 -180 -156
2 857
1 -263 -565 384
1 -44 316 -484
1 -925 -386 -512
1 -407 22 928
1 -481 -602 604
1 -111 -387 237
1 -260 291 154
1 -635 690 487
1 403 -556 -50
1 -550 -46 -187
2 1242
1 572 469 610
1 925 594 372
1 -880 -298 -449
1 -579 58 -170
1 -408 223 47
1 -982 81 -838
1 351 658 158
1 554 -177 -215
1 -387 -740 990
1 -313 840 -526
1 868 515 -582
1 -658 -188 82
1 90 -826 -483
1 845 -131 -170
1 -893 809 -65
2 1147
2 1336
2 1467
1 118 -194 -248
2 848
2 1056
1 -785 423 275
1 -33 571 794
2 1132
1 899 349 -258
1 -366 -715 999
1 -155 506 -288
1 318 490 335
1 156 719 -626
1 44 608 -260
1 -563 743 562
1 -917 -978 670
1 -357 619 307
1 245 -296 39
1 -730 450 -303
1 402 -928 -277
1 100 392 463
1 -344 56 -288
1 -656 -504 169
2 1161
1 -802 354 -241
1 -64 -60 209
1 722 -531 495
1 -12 -823 -353
1 911 150 634
1 -924 136 985
1 -606 508 -352
1 -768 -565 401
2 894
1 779 -200 987
1 -768 -952 62
1 -701 -750 450
2 313
1 -712 -355 -553
2 258
1 -743 -585 323
2 1719
1 914 -661 -675
1 -402 -389 -152
1 689 -131 -545
1 90 799 908
1 -130 338 -878
1 736 947 547
2 1518
2 904
1 -537 -479 401
1 -391 -165 647
1 -528 258 -960
1 280 952 -827
2 1423
2 302
2 328
1 -862 987 406
1 -591 174 194
1 -391 924 493
1 60 978 -51
1 -677 330 105
1 -530 738 131
1 208 -221 -291
1 -759 320 -431
1 -765 375 -71
1 59 -73 826
1 -676 339 972
2 1355
1 773 546 438
1 -803 452 99
1 344 911 -570
2 745
1 -650 949 83
1 888 103 -638
1 130 -321 493
2 562
1 411 -675 -903
1 -68 920 784
1 146 129 0
1 -661 952 409
1 234 -766 -381
1 54 -311 -69
1 -6 -10 -97
1 777 738 15
1 149 -169 -178
1 3 -103 388
2 1150
2 994
1 -724 827 -883
1 -639 435 545
1 -554 -760 -489
1 -195 -185 -400
1 923 569 208
1 -902 278 -139
1 -134 7 700
1 -534 -1 -770
1 -561 367 -973
2 1358
1 6 731 588
1 619 -847 -838
1 982 -515 596
2 1676
2 1062
2 1521
1 -967 -371 696
1 254 19 890
2 820
1 622 -171 -767
1 139 642 -623
1 -906 918 60
1 -831 -172 -502
1 980 -285 -503
1 -535 14 714
1 520 -842 -925
2 947
2 581
2 1588
1 -134 47 -409
2 1009
1 475 70 274
2 1724
2 1538
1 596 724 884
2 615
2 163
1 39 883 -916
2 1376
1 48 735 968
2 1636
1 121 -596 911
2 1715
1 -991 -257 213
1 645 -727 426
1 -601 -324 963
1 469 882 -29
1 126 517 -555
2 974
1 624 42 490
2 1391
1 -432 486 -585
1 -84 -106 -579
1 587 501 -423
1 77 -454 233
2 1494
1 -934 542 303
1 -602 499 568
1 125 699 645
1 632 -756 -635
1 635 410 -307
1 -810 -644 -695
2 1794
2 1756
2 1795
1 -393 -572 -473
1 -979 -931 431
2 1310
1 117 721 -650
1 132 -535 19
2 1704
1 -759 95 -389
2 638
1 869 1 -885
1 295 -809 520
1 -352 860 228
1 301 926 117
1 -194 108 -759
2 1160
1 -835 110 771
1 90 -619 -1000
2 1051
2 1785
1 684 627 -99
2 1065
1 844 -687 910
1 -399 175 -647
1 219 -436 -902
1 686 -573 -182
1 916 144 -214
1 -507 244 401
2 1476
2 381
1 897 -972 -74
1 -144 773 814
1 128 -93 -781
1 -481 411 -770
1 498 -899 -202
1 500 845 234
2 310
1 -373 -272 292
1 934 50 -522
1 124 7 998
1 21 -595 436
1 509 896 -313
2 498
2 194
2 1802
1 401 -582 -333
1 806 -63 -727
2 999
1 -977 775 206
1 43 362 -170
1 -67 984 -183
1 -44 -98 -955
1 -432 190 -23
1 397 764 -904
1 754 969 -268
1 -145 699 211
1 769 -535 755
2 551
1 -510 -765 361
1 -94 -237 295
2 686
2 179
1 -730 -37 511
1 -477 589 693
1 -55 972 147
2 604
2 1106
1 149 -777 -282
1 395 973 307
1 560 -220 62
1 529 -475 474
1 108 -203 -633
1 438 -992 -63
2 1167
1 -575 -768 889
1 187 835 815
2 1141
1 292 -740 676
2 1342
1 -559 596 176
1 -534 -431 -793
1 942 365 348
2 1551
2 1765
2 188
2 1576
1 227 863 -420
1 -285 -337 -997
1 306 839 562
1 -878 -101 531
1 676 -601 418
2 1793
2 1153
1 -668 464 -565
2 1236
1 -768 713 -515
1 -51 -622 130
1 -970 -70 -234
1 878 -669 -304
1 -967 -393 -269
1 50 943 262
2 283
1 -169 987 340
1 172 -631 739
1 -772 364 -435
1 521 577 -749
1 847 -777 -644
1 -499 275 -165
2 1472
1 -597 -631 -257
1 867 -935 691
1 224 130 740
2 1001
2 1148
1 -959 -394 147
1 -131 -278 -601
1 657 441 932
1 840 -442 -385
1 -952 842 315
1 -276 265 120
2 1801
1 -567 -546 -553
1 -155 78 -170
2 1887
2 1838
1 -679 -3 839
1 25 -729 -289
1 -754 -695 229
2 1382
2 505
2 1245
2 1091
1 -186 256 934
1 -906 -980 -437
2 992
1 -817 747 -931
2 1341
1 -692 992 230
1 326 -648 -825
1 892 -904 851
1 -462 -506 366
1 923 -989 55
2 115
1 -380 -41 -161
2 1081
1 -940 -920 -74
1 991 838 -195
1 769 -913 -717
2 1192
2 280
2 1307
1 -843 545 145
2 1797
1 570 835 -976
1 517 52 -894
2 1699
1 408 -536 961
1 433 909 550
1 932 -564 576
1 -686 -719 171
1 -789 -329 -33
1 -806 -98 610
1 310 115 -11
1 714 472 -886
1 66 -6 -722
1 -585 172 -565
1 -177 -498 598
1 -507 397 405
1 -291 3 665
1 -795 225 511
1 210 416 850
1 293 331 188
1 -206 -469 -480
1 866 -365 -144
1 -80 -250 -159
2 1484
2 858
1 -903 -115 -162
2 859
1 -761 -926 -93
1 -488 805 390
1 12 497 -445
1 416 545 250
1 801 745 130
1 350 -80 -754
1 739 -99 331
2 591
1 -727 385 674
1 882 541 -378
1 -290 -894 -678
1 747 -118 -403
2 1705
1 -340 763 662
1 -703 -828 -6
1 634 952 -40
1 -983 888 559
1 121 -395 -518
1 -967 136 -290
2 1006
2 1223
1 -4 174 679
2 1331
1 438 759 874
1 -877 -585 -290
1 308 375 -423
1 -540 -645 428
1 251 684 904
1 -42 769 15
2 1693
1 127 287 862
1 657 -7 117
1 269 360 -577
1 -509 -623 -867
1 -199 -296 49
1 134 -309 -870
1 762 83 67
1 -3 133 -2
2 783
1 874 604 460
1 342 675 271
1 789 666 -877
1 395 967 -512
1 562 537 -7
1 -3 305 324
1 864 218 -19
2 1706
1 906 -408 774
1 -643 -223 -441
2 853
2 1761
1 913 674 -436
1 767 258 427
1 -897 -704 505
2 1219
1 407 -449 -226
2 1271
1 -975 -575 87
1 -640 -554 -583
2 740
1 195 -55 712
1 -594 91 46
2 1388
1 841 459 -660
1 -399 771 388
2 1757
1 -923 163 -561
2 1910
1 804 -404 -137
1 30 643 586
1 -496 -136 508
1 597 490 -150
1 -569 640 -469
1 69 -553 -121
2 697
2 284
1 -580 -684 266
1 408 351 -729
2 1224
2 1300
2 1273
1 103 204 -298
1 -985 385 469
2 1632
2 1810
1 -752 -692 -609
2 1871
1 591 -856 -258
1 -567 -271 791
1 -132 -412 -177
1 889 -302 633
1 644 -887 133
1 -323 432 -136
1 -564 183 -396
1 -107 438 189
1 -274 -550 674
1 724 309 -796
2 1473
1 924 441 -409
2 662
2 1836
1 48 -624 -691
1 561 -874 -57
1 -375 591 828
1 -486 -724 900
2 1596
1 -357 -72 -48
1 -965 -905 -758
1 -747 396 -455
1 539 339 -258
1 268 763 885
1 954 101 438
2 1606
1 -700 -704 139
1 -309 610 942
1 -294 760 897
1 561 -236 801
1 -379 -453 649
2 861
1 -841 437 -586
1 854 546 650
1 25 254 -14
1 -554 -799 -9
2 1605
1 -103 -174 -794
1 834 -572 -187
1 -881 372 952
1 -751 129 -120
1 840 -679 -606
2 1213
1 691 482 -127
1 -355 786 113
1 903 383 933
1 -352 519 -392
1 718 875 732
2 16
2 1867
1 -284 225 312
1 425 878 -300
1 535 -584 -737
1 220 -979 686
1 466 807 -292
1 -922 506 -782
2 1249
1 -48 772 -603
1 -791 245 832
1 -396 709 148
1 57 -754 284
1 18 10 -729
1 488 648 398
1 -140 -102 -970
1 100 363 -182
1 485 -428 -862
1 189 -383 353
1 -942 -227 -236
2 1085
1 -595 684 -455
2 708
1 -788 -171 471
2 1314
1 48 939 585
1 728 -578 700
2 1207
1 -578 -692 -570
1 -435 105 198
2 578
2 1608
1 -233 -805 -78
1 299 717 303
2 1700
2 1126
2 1868
1 -714 461 811
2 883
1 220 -79 458
2 1957
1 -235 44 357
1 989 -481 -153
1 348 282 -876
1 587 631 -120
1 843 828 -539
1 -406 -381 -149
2 1366
1 -503 529 831
1 399 612 -132
1 679 -397 922
1 -495 639 324
1 -172 -108 -800
1 219 371 578
1 -692 -81 -646
1 365 -965 -936
2 1152
2 1488
2 1613
1 106 -108 559
1 397 900 -835
2 1440
2 246
2 1711
1 -864 -587 -120
1 -748 420 702
1 -34 -613 -766
1 -816 476 -769
1 -173 243 -190
1 757 94 -826
2 1503
1 534 462 446
2 927
1 77 49 68
1 775 641 -986
1 -20 670 -831
1 -224 -15 658
2 1817
2 772
1 -820 -989 -876
1 -305 -137 -40
1 79 -942 -833
2 956
1 -106 -792 115
1 -494 -673 391
2 560
1 932 -711 719
1 -251 -268 56
1 22 -88 930
1 -907 158 230
1 491 -921 10
1 -990 -63 -518
2 1540
1 780 845 360
1 -875 -31 68
1 -343 -137 423
1 -859 -87 771
1 -875 534 -432
1 132 957 181
1 264 766 33
1 855 -482 308
1 291 519 453
2 1915
2 1197
1 -58 82 -90
1 -16 795 -470
2 1679
1 -840 -895 880
1 403 -671 701
2 844
1 729 -574 52
2 1204
1 -452 590 90
1 -183 714 -911
1 831 554 -128
1 -263 -883 -357
1 423 -509 -367
1 766 -51 -722
1 -294 191 123
1 -304 920 -161
1 500 939 925
2 1497
1 231 -660 -87
1 72 -42 123
1 282 620 -414
2 1844
2 22
1 401 -252 899
2 1936
1 956 -903 993
1 -616 -333 -527
2 1919
1 -986 673 834
1 -157 208 -391
1 -183 999 -111
1 -339 642 -492
1 186 -886 -798
1 -469 132 21
2 959
1 127 842 918
1 -258 56 -876
2 1275
1 -523 632 -137
1 -120 955 658
2 885
1 -157 195 -61
2 1617
1 518 323 -947
1 -934 943 -14
2 110
1 -669 -435 -55
2 1861
1 357 869 -384
1 906 579 -800
1 -753 439 -752
1 851 -349 -419
1 345 -376 847
2 1347
2 1881
1 147 492 540
1 -886 251 167
1 -326 448 -198
1 -524 -770 -851
1 68 627 270
1 782 -686 -207
2 242
2 766
1 913 -557 251
1 117 -331 631
2 1543
1 -772 -227 -139
1 954 211 799
1 33 717 792
1 -90 501 691
1 900 -933 281
2 446
1 -729 510 -871
2 101
1 125 905 -747
1 325 -972 796
1 -46 436 -115
1 911 -109 183
1 -67 236 -48
1 581 864 -865
1 813 304 509
1 831 853 602
1 881 -437 -875
2 1436
1 583 -265 -184
1 -929 340 248
2 868
1 -463 346 80
1 -527 387 -412
1 -168 -546 673
1 -243 449 -772
1 -115 5 58
1 752 175 -263
1 -686 -387 -762
2 1431
1 -492 363 -683
1 725 -509 -800
1 -173 -576 -26
2 474
1 963 118 958
1 -263 -683 175
1 -882 809 879
1 476 324 -497
1 779 -140 597
1 -605 -737 363
1 642 609 -463
1 900 -391 827
1 747 -909 -68
1 -813 -388 -732
2 714
1 503 590 428
1 -476 725 -192
1 673 233 -325
2 486
1 -500 -122 -606
2 1537
1 -75 -732 412
2 1195
1 -553 -769 469
1 -18 366 477
2 1205
1 533 -292 702
1 -490 -550 -297
1 -655 -843 -351
2 1173
2 1248
2 147
1 -977 -575 252
2 1917
1 916 -699 -769
2 213
1 526 -981 -832
2 1482
1 147 909 490
1 803 11 293
1 -672 -422 -185
2 1255
1 46 -794 352
2 2054
1 777 -218 -576
2 777
2 744
1 -28 579 61
1 -491 707 -842
1 28 210 -507
1 652 254 958
1 -678 292 751
2 1998
1 -674 67 -762
1 818 762 -224
1 -818 -807 700
1 522 349 151
1 620 -41 -353
2 1291
2 1510
2 631
1 638 887 -717
1 -655 -933 -356
1 -13 781 912
1 -557 375 -973
2 2004
1 471 -260 -488
1 936 4 120
2 870
1 513 -444 605
2 2016
2 923
1 860 -880 460
1 187 -108 162
1 473 -299 660
2 1265
2 1169
1 915 -427 444
1 -509 -695 -65
1 599 -795 -657
1 -694 863 -749
2 1804
2 1052
1 54 410 410
1 243 10 -47
1 -823 957 657
2 1172
1 605 594 713
1 -686 -121 -956
1 833 -636 -889
1 467 -747 424
1 100 -418 -394
2 2142
1 -602 4 -465
1 -870 -84 -556
2 1782
1 -226 -406 -231
1 530 4 461
1 -15 -526 -868
1 -251 -226 -621
1 49 -687 550
1 -90 933 798
1 -574 -403 -732
1 -924 52 -773
2 1628
1 -701 464 -510
1 80 928 719
1 -68 64 44
2 906
1 175 -334 -533
1 -107 -647 -876
1 -750 860 -180
1 -970 575 407
1 -151 -15 124
1 50 -179 452
1 -179 -798 990
1 -960 809 130
1 408 236 -338
2 1256
2 1180
1 803 -64 -839
1 -29 842 840
2 1539
1 -654 865 -535
2 902
1 -360 -569 -187
1 -815 548 305
1 -206 -997 -753
1 407 -496 236
1 -434 -774 559
1 -583 529 55
1 -244 -711 -893
1 616 253 735
1 -886 938 -686
1 84 -622 749
1 402 -560 568
1 -159 267 -411
2 1879
1 315 -625 757
2 2244
1 637 506 -959
1 -527 828 -731
1 638 167 -507
1 -849 164 -489
1 776 -32 967
1 888 -1000 794
1 213 -773 983
1 133 -407 747
1 617 207 858
2 2028
1 845 -82 -564
1 -863 263 217
1 800 773 -834
2 334
1 -282 -286 -694
1 721 112 804
2 1645
1 -588 -177 -862
1 -947 -143 333
1 829 397 746
1 -537 -450 -652
1 -359 805 -566
1 -125 -14 -231
2 969
1 -915 -486 -377
2 2213
1 -290 -97 75
2 886
1 550 998 -676
2 2068
1 610 979 -720
2 1758
2 2095
2 1718
1 161 892 338
1 -408 -677 -473
2 2166
1 548 599 907
2 1301
2 1353
2 2195
1 -49 -586 -999
1 -276 65 -790
1 761 -628 -48
1 398 125 -19
1 363 84 497
1 -1000 -553 -612
1 -138 997 -24
1 816 -910 149
1 -90 280 362
1 545 403 983
2 2214
1 -695 -612 47
1 -532 735 468
1 -69 -302 -1
1 453 448 40
2 1046
2 2272
1 225 560 -94
1 -910 -790 -426
1 -965 -417 421
1 -529 -656 -952
2 1118
1 938 -940 -795
1 80 -427 905
1 287 -843 546
1 629 -886 -975
1 567 -545 -351
1 169 -89 739
1 139 -377 -479
1 -284 -535 -500
1 527 -646 92
1 837 -6 -486
1 -856 -801 936
2 2322
1 -151 139 212
1 -779 529 -512
1 -578 -795 -1
1 -545 -875 888
1 802 -926 -849
2 2200
1 45 -870 -722
1 -258 524 -878
2 1701
1 805 -954 -908
1 -984 -295 829
1 899 -563 734
1 -121 617 67
2 1790
2 678
1 -256 -780 -308
1 86 28 -35
1 -770 962 -248
1 150 678 819
1 504 144 -402
2 1577
2 1380
1 789 -630 172
1 -598 -282 -509
1 1 134 -453
1 278 864 -209
2 2017
1 320 433 -133
1 436 479 58
1 85 202 221
1 204 -199 585
1 670 807 345
1 -73 276 -12
2 288
2 2349
1 372 379 -19
1 -910 -852 -754
1 -305 -953 262
2 2006
1 635 390 -355
1 794 139 -467
1 329 212 -143
1 983 -608 973
1 80 202 327
1 -693 408 548
1 649 538 531
2 1911
1 -542 -834 750
1 -319 -260 -539
1 -573 169 -137
1 -199 294 550
1 -177 -951 896
1 564 886 163
2 1994
1 -501 652 640
1 -969 -32 -561
2 1833
1 -251 -390 863
1 -396 746 731
2 1952
1 -127 -579 457
1 826 982 391
1 380 558 -44
1 -959 591 830
1 -620 683 996
2 1344
1 376 564 188
1 -477 283 51
1 485 89 -862
1 -15 -655 -715
2 1267
1 -426 344 332
2 1921
1 290 -287 437
2 2127
2 103
1 61 -603 -434
2 2260
2 1513
1 -958 919 725
2 509
2 1800
2 2118
1 605 -577 -410
1 -644 -786 -948
1 834 -226 768
1 113 -512 462
1 -37 543 -832
1 322 465 484
1 346 345 -56
1 988 390 -553
2 485
1 -577 644 315
1 -101 176 -155
1 -978 -95 -661
2 2134
1 814 -472 433
2 1187
1 -777 663 6
1 -315 -472 -3
1 351 189 190
2 558
2 2275
1 691 -659 -405
1 -911 158 906
1 114 -620 -713
1 -94 618 -746
2 2303
1 -573 -19 -961
1 488 -857 -844
1 833 828 650
1 -580 -293 590
1 700 -924 538
1 -430 -896 12
1 -31 -155 962
2 2014
1 -498 -124 -71
2 965
1 -890 -936 798
2 1654
1 289 488 128
1 -472 905 -673
1 -786 -526 -746
2 1830
1 658 -532 -862
1 -587 -567 -688
2 2089
1 -103 -196 -929
1 723 748 -251
1 -751 282 -411
1 -161 -430 768
1 516 -920 -511
2 1972
2 1394
1 -464 871 -901
1 -40 686 -850
1 -770 -296 65
1 -957 -671 218
1 131 656 -36
1 -700 -263 404
1 -316 -635 -367
2 762
2 1695
2 1523
1 456 -185 -21
2 1825
1 823 302 -712
2 1677
1 -648 -211 -728
1 970 750 -730
1 273 932 992
1 805 -709 642
1 -897 -529 -158
1 513 180 -714
1 -16 -410 -776
1 -936 796 58
1 -904 217 -755
1 677 930 -573
1 -991 -285 -868
1 -551 396 53
1 212 402 -863
1 -295 756 81
1 -629 412 677
1 784 -393 -506
1 923 677 -585
1 113 589 882
1 105 -706 703
1 -256 49 640
1 -435 118 905
1 159 -501 -160
1 -561 -583 468
1 -275 -998 -17
1 651 876 -393
2 2133
1 -641 515 552
2 2191
2 1374
1 394 -295 -228
1 714 -727 861
1 -104 -97 -482
1 730 -678 -367
2 698
1 494 995 -307
1 655 -744 -993
1 371 266 543
1 -546 -965 871
2 102
2 150
1 31 -948 -186
1 623 492 -533
1 -616 -139 881
1 226 786 -2
1 -612 -833 838
2 1611
1 477 591 -835
1 912 428 -800
2 489
1 574 609 189
1 -543 181 630
1 46 381 509
2 2350
1 356 -247 111
1 929 -379 800
2 2431
1 828 702 -900
1 -252 -460 -652
2 1559
1 -142 -859 305
1 884 -562 289
1 234 887 498
2 1808
1 908 57 662
1 787 -417 -846
1 -150 -16 -849
1 -386 -320 -526
1 -407 -755 659
1 349 30 -146
1 -262 507 -404
2 1683
1 617 487 -368
1 -735 35 -511
2 988
1 -314 -341 443
1 -866 -553 -752
1 -523 -606 122
2 2230
1 478 437 743
1 -381 781 55
1 -206 -141 -731
2 1648
1 -295 -796 -294
1 -81 -900 129
1 94 751 -549
2 175
1 -513 -528 98
1 -290 -843 -677
2 2345
1 -598 800 -656
1 43 -526 45
1 -1 -254 732
2 2273
1 -380 939 43
1 950 -565 686
1 -241 595 345
2 1860
1 -2 -428 651
1 772 -607 -931
1 913 -725 -292
1 884 524 718
2 307
1 660 533 178
1 138 -527 209
1 850 -151 154
2 1086
1 -950 -962 533
1 -644 -881 -559
1 -926 -59 746
1 881 -929 289
2 517
1 -47 668 -289
2 1490
1 -55 -517 496
1 839 822 393
1 -759 696 -201
1 -334 -607 647
1 -657 761 588
1 59 -841 119
1 571 -418 110
1 -100 570 751
1 169 754 -192
1 680 -20 678
1 -213 549 -378
1 -853 -454 935
1 988 963 337
1 -224 758 -993
1 775 -911 118
1 -186 -428 -438
1 -935 -796 915
1 -856 -666 -883
1 -742 -787 -872
1 112 -982 484
1 823 289 -348
2 552
1 365 40 -206
1 -442 -70 129
1 -112 -59 -539
1 882 510 935
1 553 -602 538
2 488
1 361 518 440
1 660 -300 -607
1 -308 -785 608
1 834 -639 91
2 1984
1 519 -176 389
1 -625 381 -732
1 -513 -32 -590
2 2155
1 -11 -135 534
1 556 802 -649
1 958 644 441
2 2445
1 221 304 -27
1 -880 51 768
1 -101 2 -855
1 -7 -765 315
1 -410 -479 -564
2 2292
1 398 653 867
1 113 10 -594
1 933 139 72
1 738 -785 879
1 88 341 -895
1 -95 -322 234
2 1337
1 887 354 -467
1 -797 -166 -149
1 -92 780 409
1 748 -117 -887
2 963
2 1985
1 -872 -432 -39
1 870 138 -342
1 -931 -194 -275
2 1530
1 77 -381 834
1 -537 -391 -470
1 -360 -438 539
2 2171
1 470 106 -292
1 -665 -601 -866
1 -723 -310 804
2 2489
1 609 -197 115
2 912
1 -519 495 -5
1 -364 995 172
1 442 -555 -410
1 -315 73 395
2 1117
1 366 -174 32
2 1747
2 1656
1 -493 963 361
1 -544 809 -370
2 1535
1 719 708 -530
1 -579 -434 -332
1 997 -500 535
1 -419 685 -485
1 398 -537 992
2 1929
1 -736 201 -739
1 392 658 -213
1 902 -76 -753
1 543 -557 144
1 -397 507 652
1 -329 -863 695
1 -123 886 343
1 -263 119 -304
1 678 4 -884
2 2024
1 546 -23 -88
1 345 -139 515
1 912 -261 231
1 354 195 -223
1 -758 871 -411
2 2393
1 857 -158 240
1 -75 -999 297
2 1812
2 2000
2 1633
1 -405 -367 460
1 -961 864 -123
1 -344 650 70
2 2148
1 855 -290 -183
1 -4 -690 -195
1 326 -172 -463
2 2301
2 2055
2 2146
1 67 -853 177
1 -245 941 -164
1 -331 688 114
1 -268 639 -604
1 -572 292 176
1 -314 325 612
1 -796 90 312
2 2502
2 613
2 1841
1 -430 328 -927
1 243 -914 65
1 700 -616 560
1 -69 -985 -461
1 -734 264 -638
1 513 -903 -126
1 664 940 -931
2 1818
1 706 328 944
1 -529 -729 356
1 -596 281 -437
2 2219
2 2501
1 -371 752 -222
2 1698
1 -81 480 634
1 900 -110 -912
2 2255
1 -731 409 363
1 -761 -836 -413
2 985
1 439 -348 -637
1 485 134 -406
1 -741 274 -694
1 -168 714 -31
1 52 535 76
1 844 916 -237
1 437 -469 -372
1 293 388 -227
1 488 -420 -649
1 -439 344 71
1 100 -576 882
1 -108 713 -139
1 109 463 934
2 1760
1 -923 652 -912
2 2443
1 434 -895 112
2 1499
2 296
1 -140 -699 -148
1 -219 199 -719
1 -968 -280 -799
2 546
1 -710 506 -161
1 67 -563 -896
1 -583 -514 814
1 -117 -933 -668
1 280 -898 -359
1 865 -679 345
1 -538 873 -974
1 -458 -490 762
1 890 -8 -233
2 986
1 332 -789 22
1 268 484 729
1 728 269 810
1 876 -31 638
1 -298 617 575
1 -689 677 -441
1 63 493 284
2 2334
2 2523
2 2097
1 -139 -65 -542
1 560 567 366
1 984 358 -208
1 170 -850 -261
1 -80 354 -244
1 -194 341 95
2 2530
1 489 -313 971
2 1045
1 66 -712 -644
2 1995
1 299 512 314
1 840 -358 -239
2 1997
1 611 -287 -727
1 193 111 970
1 -606 385 -865
1 934 -890 365
1 -277 412 -561
1 -345 529 896
1 -826 468 -210
2 1422
1 -193 405 188
1 11 -876 514
2 1928
1 306 419 106
1 878 -775 -857
1 -755 575 874
1 -646 -118 863
2 2381
1 -443 254 235
1 832 -78 385
1 531 -455 136
1 -178 -318 550
2 323
2 1015
1 -543 143 380
2 1771
1 -265 810 -665
1 -165 -41 -749
1 -248 688 -766
1 440 -113 -12
1 -160 -904 -875
1 -193 92 658
1 767 -720 -124
2 1563
2 1073
2 2583
2 1368
2 19
1 -273 -77 -48
2 556
1 -250 -197 946
1 -673 465 -578
1 -185 405 -717
1 -148 -125 -95
1 984 -375 -236
1 -57 916 -899
2 2654
1 -557 372 546
1 -991 -400 -492
1 837 318 -940
1 -856 -160 127
1 -108 -201 -148
1 -830 -119 -476
1 525 740 119
1 -834 -837 -41
1 -811 595 755
1 102 660 314
1 483 -248 -653
1 -479 529 -746
2 2187
2 250
2 2151
1 -775 -977 -134
1 888 -112 -806
1 585 -188 227
2 1050
1 -919 979 -477
1 -551 852 -582
1 -545 756 19
1 -916 245 133
2 2388
1 60 -378 294
1 879 118 -534
1 -13 -947 147
2 2031
1 800 -958 712
1 -67 236 442
2 1334
2 1294
1 -149 -958 -73
1 238 567 328
1 -424 186 884
1 -224 177 540
1 966 645 127
1 845 701 104
1 939 366 152
1 685 765 -688
1 -397 -610 -362
1 -296 919 517
1 14 -456 880
1 -77 588 625
2 1659
2 582
1 -869 559 -150
1 -33 -71 -765
1 8 -784 -703
1 -811 -161 -205
1 599 569 -992
2 1229
2 852
1 278 -16 306
1 -309 -933 -535
1 -838 -533 442
2 243
1 -344 -435 -762
2 2593
2 318
2 1819
1 -780 290 -946
1 818 -478 -512
1 -481 -449 175
1 -571 -244 -52
1 -960 -613 303
1 -241 -883 -133
2 291
1 771 -892 182
1 -763 170 857
1 -5 163 -31
2 768
1 513 370 -919
1 36 406 -374
1 27 17 528
2 2440
1 -802 -157 678
1 -783 -678 -320
1 394 -799 25
1 -702 118 571
1 878 843 -463
2 871
1 -998 755 -538
1 249 -409 -313
2 463
1 388 339 -380
2 2335
1 -981 348 701
1 317 421 -235
1 -662 -191 843
1 -189 855 -240
1 846 -601 -434
1 157 -433 -156
1 228 -38 -743
1 -710 161 811
1 -274 -614 900
1 -972 -845 -20
1 -89 -41 682
1 689 -504 849
1 514 -162 756
1 -774 177 -254
2 2596
2 511
1 -364 625 890
2 877
1 -679 189 -335
1 169 516 737
1 -423 -66 -328
2 2147
1 465 -734 6
1 -520 901 -291
1 -301 -154 -546
1 762 -297 -307
1 -606 584 -919
1 -14 388 -242
1 -56 -19 633
1 916 351 718
1 -836 -184 -342
1 -817 905 593
2 2366
1 -795 339 -932
1 -391 94 630
1 900 -1 -486
2 1044
2 1733
1 -153 -35 1
1 -97 958 -156
1 89 -286 77
2 1584
2 526
2 1893
1 695 -313 214
1 619 639 985
1 -283 -7 884
1 -405 -883 206
1 677 -928 298
1 984 481 -188
1 654 -523 936
1 -659 720 -569
2 1680
1 914 683 -286
1 545 467 56
2 2757
1 87 -577 765
1 -409 184 -99
2 1583
1 639 -499 -129
1 561 508 -886
1 79 -691 -790
1 360 974 885
1 -896 981 451
1 -779 -785 -72
1 747 -129 538
1 979 390 578
1 973 -847 712
1 895 -973 -153
1 17 438 -808
1 -168 728 395
1 -432 467 566
1 334 582 215
1 771 279 262
2 222
1 38 -963 42
2 2167
1 -95 77 548
1 -486 -616 350
2 614
1 -177 -438 989
1 987 279 630
1 817 -980 617
1 31 -296 938
2 2522
1 433 -864 -728
1 -853 798 -435
1 511 298 699
1 -943 -28 817
2 1514
2 1072
1 -378 724 -512
2 837
1 939 -20 112
1 439 588 -503
2 224
1 78 11 647
2 2629
1 -446 -378 -549
1 -210 445 -64
2 800
1 -682 244 -737
2 1005
1 -911 -701 858
1 -697 160 199
2 850
2 1395
2 1755
2 2156
1 -673 -712 -806
1 -343 526 -523
2 1146
1 -709 819 -377
1 -893 265 -465
2 2464
2 723
2 2441
1 483 244 -273
1 847 -777 -177
1 -5 -479 -66
1 -998 473 558
1 494 -610 -296
2 991
2 490
2 2348
2 1144
1 -492 341 -61
1 -683 -544 -898
1 28 108 330
1 332 36 -338
1 993 -101 -375
1 -51 189 939
1 -705 929 -907
1 498 692 303
2 2257
2 610
2 1982
2 2595
1 459 549 471
1 686 -884 928
2 1212
1 784 -308 -17
1 788 669 904
1 225 489 730
1 -995 92 284
1 -23 573 -651
1 -177 994 -85
1 -684 -467 36
1 912 843 331
1 -147 -449 598
1 227 -651 954
2 2527
1 -833 -235 239
1 -323 66 -492
1 -10 -666 -560
1 633 -724 -804
1 -49 -494 -328
2 1641
2 602
1 -54 406 610
1 813 -296 658
1 -126 66 -140
1 711 -728 -644
1 728 346 371
1 -801 -663 279
1 -562 502 -336
1 -414 -365 -672
2 1666
1 277 -187 446
1 983 83 -167
1 -583 -969 -36
2 622
1 709 -210 367
1 561 708 687
1 -682 820 -334
1 -851 10 52
1 433 -384 -864
1 779 -753 651
1 -972 -628 -778
1 -977 39 403
1 178 -412 -587
1 607 641 324
1 -547 896 -666
1 378 -825 505
1 27 -338 327
1 -138 34 -58
1 136 737 -449
1 -355 690 -663
2 2075
1 711 141 853
2 2205
1 961 71 -368
2 2868
2 1897
1 -248 -224 845
1 397 -550 -840
1 -252 502 545
2 1025
1 -367 698 -492
1 -201 -61 161
1 -177 -527 -894
1 650 -464 -178
1 591 377 -139
1 901 -705 -316
1 -843 172 -567
1 -754 937 872
1 -642 497 45
1 665 246 28
2 1230
2 1874
1 -659 -393 -601
1 307 817 20
2 2415
1 -48 -543 -526
2 2027
1 788 -719 721
2 2843
1 751 -338 793
1 791 149 643
1 -401 19 -457
1 -262 609 489
1 41 504 282
1 705 363 -276
2 1103
2 2318
2 1483
1 952 494 -170
1 -910 -802 884
1 509 -814 -531
1 946 -670 -344
1 -283 -422 -4
2 2207
1 -354 537 -297
2 754
1 47 -771 -399
2 2858
1 420 732 -405
1 687 573 -199
2 203
1 920 -581 499
2 1480
1 671 -96 -403
2 597
2 2597
1 -144 61 68
1 396 -726 -710
1 -545 -666 -342
1 -527 922 918
1 -601 632 242
1 993 28 -527
1 -586 -183 -681
1 150 94 749
1 -15 -636 -385
1 967 -119 355
1 -693 634 405
1 -461 619 828
1 885 406 414
1 916 -466 140
1 303 -308 -976
1 128 91 751
1 742 606 317
1 490 283 419
1 -802 772 -118
1 567 -152 -534
1 -39 -690 -799
1 172 704 122
1 -529 -817 438
1 -937 -391 -16
2 2355
1 16 -660 259
1 -412 -92 -86
1 637 353 287
1 -350 -323 -63
1 -73 -257 -195
2 2120
1 731 -392 604
1 328 -706 -593
2 2370
2 1033
1 381 75 -326
1 -567 345 -524
2 2040
1 661 277 233
1 -759 625 618
1 798 -974 250
1 -737 774 -308
1 -869 -974 391
2 1017
1 -640 -114 -711
1 641 269 -500
2 2020
1 800 26 303
1 -380 -381 206
1 233 278 0
1 -301 -206 -472
2 1524
1 329 72 267
1 -599 -151 -699
1 -865 268 356
1 -601 732 -104
1 534 -817 -296
2 2682
1 -42 -880 141
1 -496 370 -411
1 -665 850 -336
1 699 10 888
1 -635 -510 -968
1 -762 -645 -132
2 2058
1 -216 -146 525
2 1950
1 -31 -42 -824
1 234 -537 -919
1 347 -472 -981
1 247 -298 594
1 85 -172 -654
1 -381 658 214
1 -112 -721 265
2 2978
1 756 789 195
1 188 375 -408
1 727 -824 -492
2 1869
1 -623 133 686
1 -858 -729 867
1 -142 622 459
2 1591
1 620 -631 -735
1 774 761 -994
1 848 -243 210
2 2837
1 887 611 524
1 615 -523 -865
1 583 375 784
1 -876 988 11
2 1811
2 1739
1 247 -294 549
1 -528 -980 576
1 58 605 414
2 2576
1 979 -408 -428
1 -971 442 659
1 -87 -840 624
1 -144 850 -897
1 233 472 -532
1 -626 -676 -899
1 732 -967 -446
2 1165
1 -494 -36 -119
2 47
1 862 79 -141
1 838 -715 -619
2 847
1 755 572 -721
1 -161 -160 -44
2 292
1 378 506 -16
1 -215 -653 703
2 2896
1 -998 -888 669
1 -673 -324 -233
1 -430 840 -585
1 -915 547 467
2 964
1 -848 870 -454
1 67 959 -1000
1 -485 -667 604
1 919 -308 -955
1 -799 -768 -359
1 -79 704 598
1 -53 -310 -801
2 2374
2 1105
1 -866 399 234
1 -950 479 -914
1 -276 -746 -219
1 292 -473 -607
1 -951 -525 -236
1 -338 -719 725
1 -478 508 -900
1 -207 173 957
1 -381 75 -307
1 364 391 -51
1 185 855 -326
1 -483 -231 -459
1 -752 524 -671
1 135 -651 -82
1 965 -419 321
1 -750 67 -972
1 965 -848 -315
1 578 -655 -638
2 2564
2 1303
2 2710
1 403 217 176
1 -608 -344 585
1 -46 513 763
1 574 -514 38
2 802
1 -337 -458 83
1 177 782 856
2 2406
1 -500 -28 -879
1 535 -190 -754
2 1386
1 799 185 969
1 -518 -588 -918
1 -327 -432 151
1 -322 153 -264
1 871 50 158
1 105 -846 117
1 -639 -411 -234
2 2802
1 -519 -85 -876
1 428 -499 468
1 -651 -690 978
2 2306
1 331 -629 -471
2 206
1 363 538 -612
1 262 208 -907
1 -693 610 173
1 96 744 466
1 -13 224 262
2 317
1 -57 -858 -803
1 -759 -990 -950
1 -795 -461 -633
2 1638
2 2751
1 -486 -135 455
1 21 39 208
1 -70 -876 729
1 -332 842 671
1 -992 832 356
1 -530 193 -435
1 -988 -569 -394
1 450 -743 847
1 -984 93 768
1 199 -197 -195
1 610 -422 -752
2 2755
1 422 -588 574
2 499
1 415 -785 293
1 -503 352 -976
1 -368 310 266
1 94 833 285
1 355 733 1000
2 645
2 338
1 -846 -153 810
1 -786 58 -990
2 2378
2 1672
2 2317
1 113 31 -462
1 221 165 885
2 2851
2 2606
1 881 87 -191
1 -239 258 -973
1 -664 -276 -10
1 790 -944 -825
1 -15 -367 655
1 234 -906 414
2 1697
1 390 997 -168
2 1241
1 344 -221 223
1 -745 101 -693
1 169 -99 750
1 -198 -700 -639
1 -194 -555 601
1 -826 -58 -119
2 1315
1 997 -550 573
1 -180 371 242
1 840 449 -385
1 477 -34 -40
1 -767 -225 -821
1 284 -418 332
1 -828 337 -400
2 1164
1 19 323 963
1 655 243 -219
1 89 -37 325
1 -962 -114 994
1 -279 -545 658
1 -661 -47 -564
1 111 438 26
1 -936 453 944
1 48 -747 -938
1 280 41 -176
1 84 160 -584
1 -650 -593 141
1 991 615 -651
1 -569 199 -256
1 944 -848 846
1 383 -353 84
1 -214 598 557
1 341 455 277
2 2997
1 456 743 790
1 631 -305 -470
1 150 -991 -389
2 2703
1 -505 597 -817
1 -218 -269 -64
1 897 -295 -491
1 -514 473 822
1 169 212 363
1 -247 -690 -482
1 244 411 -754
2 1992
2 2072
1 911 458 -5
1 -733 571 898
1 419 679 38
1 762 -865 -604
1 -563 -535 26
1 520 889 -485
1 832 -808 -322
1 -225 -345 -212
1 552 10 -974
2 2691
2 3109
2 835
1 -895 -150 892
1 -150 -569 -534
1 392 597 -147
2 1402
1 -942 -746 573
1 -755 396 471
1 -584 458 -57
2 2569
2 2902
1 856 945 -264
1 306 -904 -134
1 730 -968 -101
2 1420
1 -42 -829 -44
2 1047
1 -280 438 -434
1 -433 552 -944
1 27 530 672
1 -93 618 196
1 -277 475 726
1 770 -903 796
1 -841 869 -789
1 213 361 305
2 413
2 1798
1 654 -789 729
1 -246 10 960
1 310 -914 -157
1 -459 875 130
1 -52 -253 -471
1 216 48 -365
1 -652 31 845
1 -407 98 836
1 -269 -437 -173
1 -554 -206 887
1 592 -91 -958
1 -162 -5 718
1 785 913 -104
1 417 -839 -415
1 -754 59 820
1 221 -872 665
1 -543 516 613
1 -185 353 -546
1 556 -375 -97
1 776 -647 78
2 2472
1 484 -564 -181
1 -536 624 183
1 362 -349 667
1 867 555 -399
1 -213 864 -845
1 -786 516 872
1 564 357 -300
2 909
2 917
2 1397
1 -114 502 665
2 1461
1 430 -24 340
1 850 609 -845
1 108 717 181
2 2826
1 170 547 -386
2 2508
1 -236 -882 826
2 2618
1 616 -274 -536
1 635 583 -197
1 545 724 -781
1 64 -180 -733
1 -187 -286 4
2 2565
1 171 932 -738
1 41 -795 545
1 -390 270 489
1 953 5 912
1 -374 619 -849
1 285 630 -359
1 -613 147 537
2 1883
2 2810
1 -230 83 883
1 873 -924 156
1 508 -216 195
1 -279 -997 600
1 934 -180 760
1 -653 151 70
1 -417 -959 427
1 330 115 -166
1 -788 495 135
1 485 -55 -258
1 -506 571 -742
1 -108 827 398
1 -506 -292 -890
1 760 270 77
2 1225
1 -988 -950 77
2 2262
1 705 677 -148
1 -170 -170 -589
2 2987
1 -461 803 -871
1 -848 -938 20
2 218
1 -310 733 -610
2 1158
1 -313 -506 -22
1 242 -556 216
2 3151
1 -442 284 169
2 3265
1 776 -588 -831
1 256 -721 646
1 -466 -428 -985
1 -41 -889 837
1 169 492 503
1 -920 39 -813
2 2661
2 1541
1 762 -455 -338
1 -410 778 -902
1 863 892 -248
2 1276
1 929 -283 629
2 1003
1 -499 254 584
1 -866 -476 -543
1 840 -603 548
1 -544 -417 -315
1 414 707 914
1 444 -292 -697
2 2721
2 3270
1 -763 -715 577
1 -949 721 769
1 552 -756 246
1 -872 95 -649
1 801 -743 -667
1 323 -160 229
1 -798 13 16
1 -778 958 -322
1 818 967 957
1 651 -264 -542
1 -606 557 -620
1 -463 -482 706
1 -816 169 374
1 -329 769 -958
1 768 132 -260
2 2799
1 -100 -363 117
1 604 -455 -779
1 -406 -487 -783
1 461 225 637
1 136 -761 222
1 -293 300 -748
1 -802 -147 -679
1 704 -243 639
2 2935
1 -224 725 706
1 213 -164 995
1 -195 -947 -93
2 3243
1 -224 -382 431
2 862
2 2039
1 190 -359 77
1 -701 -357 936
1 -981 -998 248
1 -179 139 -299
1 698 425 -91
1 905 -239 368
1 -409 -432 441
1 -188 980 -917
1 899 182 -409
1 282 -250 786
1 830 -289 -57
1 -580 415 829
2 798
1 -977 -600 -979
2 2323
2 1356
1 154 -470 -82
1 355 -42 -552
1 -780 874 170
1 152 -136 716
1 -484 440 134
2 2268
1 173 83 41
1 -347 -986 46
1 298 873 -36
1 317 -513 -613
1 837 916 855
1 314 355 -399
2 2598
1 207 -900 461
1 -605 336 -266
1 -601 -810 -309
1 -392 816 -344
1 309 15 251
2 887
1 -742 -25 -444
1 96 -210 244
1 -234 827 -178
1 -20 86 152
1 -356 463 361
2 3149
1 386 -565 817
1 198 780 -980
2 2700
1 -962 -844 692
1 -355 -434 23
1 236 108 668
1 -375 507 -771
1 322 -304 596
2 1934
1 -340 509 845
1 -929 -377 -863
1 396 -346 -188
2 2796
2 2129
1 -749 -974 -7
2 1406
2 2082
2 259
1 831 137 -496
1 -517 -294 -592
2 903
1 23 518 -121
1 -263 707 830
1 51 -178 548
1 -779 -527 552
1 141 913 617
2 2500
1 -951 -335 791
1 427 -830 -492
2 901
1 460 311 533
2 2362
1 905 678 -745
1 519 -294 791
1 -2 -934 -371
1 -308 262 936
1 -640 -903 267
1 464 -765 870
1 161 567 -449
1 519 -937 755
1 840 -721 90
2 833
1 194 979 -559
1 -511 630 -320
2 2285
2 2236
1 -415 -318 22
2 2059
1 -508 -755 759
1 651 -842 687
1 729 169 382
1 115 801 478
1 -241 122 593
1 -468 -23 -630
2 2411
1 -804 -113 918
2 2824
1 -560 -580 -593
1 -87 -706 -194
1 289 91 904
1 742 -377 -733
2 2249
1 869 182 99
1 -189 -693 -654
1 527 -801 -724
1 298 -118 894
1 -850 -320 961
2 3224
2 1321
1 701 231 -802
1 901 732 920
1 -567 -869 488
1 -498 -458 11
1 11 551 -637
1 -558 575 642
2 1202
1 -987 -231 -878
1 327 877 -221
1 366 18 543
1 -515 -678 -70
1 -207 -46 -681
1 -669 784 -664
1 -931 961 658
1 867 136 979
1 -147 -22 -130
1 322 835 741
2 1639
1 716 -507 -440
1 787 339 -582
1 -803 312 -108
1 -403 -121 -215
1 -845 319 7
1 994 941 -592
2 1074
1 455 -794 509
1 890 -237 -68
1 -906 -379 -256
1 -497 822 -129
1 -640 60 -263
2 2457
1 -671 -589 -652
1 -53 -941 -643
2 3283
1 -845 700 510
1 982 -852 222
1 423 642 -88
2 2588
1 529 -645 384
1 640 873 149
1 -473 -160 228
1 -482 8 -527
1 412 585 321
1 610 390 904
1 -442 595 -947
1 109 861 -908
2 2299
1 -883 -611 -326
1 -69 -205 -450
1 316 -615 -490
1 470 111 704
1 288 -239 -11
1 -306 -198 -186
1 121 657 194
2 1379
1 -942 762 580
1 229 633 -779
1 -587 -130 41
1 -86 -22 558
1 -89 -800 -206
1 -393 694 -447
2 2742
1 -782 143 614
1 -944 235 -538
2 487
1 -47 -757 236
2 2647
1 -131 157 -511
1 -768 68 -995
1 564 -600 -376
2 2779
1 -386 952 636
1 -259 344 -968
1 -922 601 68
1 917 701 741
2 1610
2 2493
1 605 572 -554
1 -943 -634 342
1 -674 -417 -781
1 648 -701 -811
1 734 -312 85
1 694 -307 -617
1 893 726 -238
1 -62 637 990
2 3169
1 818 757 -490
1 387 966 -566
2 2584
1 418 974 -327
2 2179
1 -726 -816 192
2 1565
1 650 538 122
1 -262 -880 213
1 -295 160 122
1 -750 -865 -21
2 1736
1 410 252 -461
2 1441
1 -213 -824 -751
1 682 668 -74
2 2734
1 -933 -718 -194
1 -960 891 35
1 461 493 969
1 -404 -348 -920
1 977 767 161
2 657
2 3101
1 736 -379 118
1 -199 -618 -360
1 176 88 925
2 2283
1 -140 456 -426
2 893
1 -408 37 636
2 3045
1 589 115 199
1 -508 -971 -224
1 424 780 458
1 37 -219 302
1 482 470 -230
1 623 -312 -915
1 941 -256 -222
2 3094
1 439 -50 -936
1 6 -114 -190
1 -325 -994 -652
1 -689 995 -394
1 -891 -405 -686
1 911 61 866
2 1965
2 2955
1 581 -125 -410
1 -825 -7 782
1 689 -400 -635
1 -851 -214 480
1 -897 170 222
1 810 664 797
1 402 615 686
1 119 241 -315
1 -355 126 148
2 2786
2 1304
2 2258
1 534 976 -107
1 -544 565 460
2 2232
1 202 -32 809
1 31 743 256
1 793 -319 843
1 -25 -53 -533
2 3128
1 243 -283 -215
1 -893 -543 -420
1 -863 -434 -858
1 -39 -607 235
1 -836 -494 283
1 990 -502 640
1 -479 860 -360
2 1034
1 -782 422 990
2 1643
1 617 -353 378
2 2862
1 -456 288 -417
1 713 217 740
1 525 -394 936
1 -382 82 -279
1 -503 -273 971
1 -962 -33 826
1 94 -800 -14
1 -983 -688 -391
1 -671 -578 -432
1 -137 708 -475
1 -395 -854 981
1 -673 -37 611
1 718 -885 -933
1 419 -509 874
1 924 -988 -302
2 3212
2 3357
1 926 257 961
1 -39 -267 -110
1 -814 -979 -302
2 2554
1 703 851 532
2 1751
2 3174
1 -586 865 760
1 797 -785 313
1 74 -620 267
1 454 643 -473
1 -921 138 -85
1 678 -706 60
2 1986
1 416 138 -924
1 -563 240 -823
1 -4 -918 138
1 742 421 -526
1 -89 873 -928
1 -813 240 -221
1 978 -560 -586
1 301 921 -993
1 -63 241 991
1 -334 628 -200
2 1590
1 830 234 633
1 -120 -887 -875
1 -251 294 -368
2 497
2 3476
1 -885 -441 -102
1 -850 -878 -207
1 -987 97 625
1 -83 -358 874
1 -733 406 490
2 2929
1 6 -706 -340
1 -60 775 128
2 1428
1 -33 672 218
1 517 -190 108
2 1712
1 42 785 952
1 352 -664 852
2 2669
1 -635 -562 828
1 -605 630 215
1 1 472 -153
2 3066
1 88 -903 184
1 128 187 480
1 611 207 -387
1 -311 657 152
1 459 632 218
1 -359 -783 -15
1 -259 -826 321
1 -113 128 -546
2 3172
1 588 -643 -986
1 331 405 -877
1 778 704 359
1 103 -897 501
2 1855
2 3284
1 614 995 671
1 -336 988 -137
1 -296 575 918
1 -464 742 812
1 692 -523 915
2 968
1 -417 -100 162
2 576
1 -601 -773 45
1 528 -243 -975
2 2136
1 444 -973 902
2 2992
1 -828 -551 -866
1 -32 467 -850
1 -329 207 -451
1 375 -958 390
1 -105 794 -597
2 1735
2 1439
1 93 882 -439
1 116 -969 144
1 -890 -650 716
2 3123
1 -563 926 -480
2 1020
1 298 494 863
1 -290 -648 477
2 3603
1 398 244 864
2 733
1 -655 580 246
1 984 328 -679
1 323 370 120
1 -90 -78 174
2 3185
1 -476 21 958
1 -816 -619 493
1 666 539 128
1 738 -104 63
1 -162 -526 231
2 2692
2 2400
1 207 -673 989
1 -126 -97 -696
2 3115
2 3015
1 925 746 -520
2 2145
1 -329 624 426
1 558 888 154
1 532 -872 603
1 34 -815 619
1 445 -918 -792
1 199 88 883
1 -548 -801 -885
1 -49 333 354
1 -787 -773 564
1 42 199 -114
2 1967
1 907 830 983
1 907 -939 845
1 -135 393 881
1 134 396 637
2 3197
1 -229 -457 -725
1 -756 -297 74
2 2520
1 -292 203 682
2 2538
1 603 -612 -471
1 555 901 201
1 498 -884 474
1 -945 -291 236
2 2994
1 91 113 -803
1 750 -716 742
1 989 541 -264
1 219 -600 552
1 -568 -775 263
1 104 195 562
1 -329 -968 936
1 -594 -445 -591
2 3229
1 -8 -538 590
1 583 -271 -873
1 102 -881 621
1 -55 143 -782
1 877 -868 592
1 464 -189 258
2 2461
1 -256 246 -157
2 2132
1 482 544 412
1 -274 350 433
1 -256 66 -443
2 711
1 29 231 -283
2 2477
1 -682 622 416
1 361 -232 570
1 387 -157 -998
2 3623
1 -679 838 650
1 -835 -15 179
1 -461 -553 -785
1 -993 -523 -552
1 527 -135 723
1 615 824 514
1 907 -41 401
1 -785 -515 123
1 -423 784 -713
2 940
2 2198
1 744 530 -447
1 -265 -958 -106
1 -429 -995 211
1 971 505 -515
2 3489
1 202 -665 -159
2 572
1 -931 260 563
1 167 982 294
1 -420 940 -742
1 -589 234 579
1 -3 536 21
2 1665
1 -418 -595 883
2 656
1 806 -924 -990
2 879
1 987 -575 850
1 -595 836 779
1 -937 560 -4
1 449 582 702
1 968 -728 256
1 798 -247 420
1 325 614 -845
1 364 -695 -827
1 598 -627 323
1 -740 925 -115
2 667
1 -998 -570 656
1 -299 -77 814
1 -514 320 -17
1 -726 -639 416
1 701 -324 -500
1 -827 -683 90
1 -403 -371 517
1 570 780 728
2 2064
1 -245 -323 159
1 -915 -291 -54
2 2849
1 406 -363 358
1 370 511 -37
2 2633
2 1664
1 241 968 -248
2 2926
1 -977 147 -618
2 3588
2 643
2 2096
1 447 -455 -397
1 692 -715 -480
1 -935 244 -263
1 -265 582 121
2 418
1 567 -274 683
1 -311 -352 -704
1 -146 -968 853
2 3535
2 1614
2 2190
1 65 -832 100
1 -584 44 -776
2 2666
1 61 233 414
1 -727 -745 -73
1 -546 -3 972
1 -867 -403 312
1 -769 -772 -722
1 775 986 861
1 75 829 549
1 403 -730 441
1 759 -429 -569
2 2552
1 -629 980 -500
2 2626
1 -644 690 256
2 2293
2 2410
1 394 -924 -447
1 881 -409 -283
1 -341 -53 312
1 -757 103 236
1 658 90 969
