3
5 4
1 4 2 8 5 
2 4 7 10
7 5
1 2 3 4 5 6 7 
1 4 5 7 8
1998 1999
10263150 10830615 13235145 94625235 27912436 93178014 67169118 31590381 40207432 98457705 25160296 14448299 47609105 99989540 58749680 30766674 27356762 58083354 8821748 30715007 68554784 68570154 89669564 65069377 12653764 80585771 74707976 88191590 47389490 35625039 58628349 80918385 25469596 29797359 8583022 17724624 91084696 33669837 69132695 39119702 14322413 11717792 26350916 91572075 80095701 33329947 87573615 92073902 63522797 89570262 6965667 43054240 85019719 20373026 40048071 44027845 23434347 31182879 74638117 23726818 64738821 69106423 78411909 22000360 94309773 60080007 52989360 49320058 99925475 25848812 15687538 38787595 12783914 46026758 29189806 9734620 32237674 1285185 7233028 91975454 39180598 21973965 31253307 8520840 58931020 23246307 58316282 9101053 61086166 64504008 10828238 47708548 40010817 44741492 97829257 41027909 17460949 29231415 99833046 40338367 45910917 81090293 91831575 55471688 24702393 11368673 64588500 4651229 46505125 16166791 78026458 87252472 86989144 42408661 95523207 59482165 17524855 94806691 17176465 92595056 52888312 90793215 39447968 48571723 94069294 38691521 20979231 31934072 10570123 82812253 8646945 78180599 63913241 90571580 50845635 28028438 14609231 39732881 82595757 95497564 10389422 43425296 13661239 18729222 22519682 71076804 89222725 46332087 24457193 70834737 60236838 23817146 5820268 19871640 60763387 67904537 89935008 92238081 39920688 57123493 83929747 75222172 85034121 31819452 8563734 13433466 89098181 70408464 47617593 66279957 87636158 69805433 74420032 30457980 48733442 60401153 83787440 99198347 55542313 89424499 24365430 26440610 56218181 99489301 67016509 10228005 30138004 61100066 73062619 76235799 25927140 79756379 24319653 10635292 64448902 75932208 56773097 44815854 47324136 63333412 99629520 88632044 8780213 24799353 99169276 28444072 88314471 72919295 80571657 63835670 92527229 87552081 27644355 17608123 43804625 76087863 14604213 66714934 41947372 24426002 32945331 23545120 49545433 53249301 2528018 27336292 4444918 90449944 87612552 72580237 98873450 86369180 1703876 64125406 19772358 29433102 74368406 93666846 76480404 47098173 23761338 84232729 66328479 78048633 39000518 73011683 28987756 3385490 27424027 2351287 6953616 68378176 3807436 49849826 34360541 1602375 7301705 6993358 24504778 23260858 71896887 97029783 38890234 23321294 80174311 71300982 81412898 7505584 5523446 55781248 43314382 47366390 66000672 50779857 66577840 78575282 59286789 53719465 74026152 80276745 31333309 46232088 53732691 83930968 39166184 59658730 33765905 3965628 49727651 16172461 52464074 5776040 27571644 65413225 38353202 46766296 82500659 19941371 91853850 82036471 71002369 38738893 82080517 96839589 13394435 38365949 98491863 61435339 17221449 7338506 86253934 96405697 18818476 26015887 72532386 33231476 40929359 51797622 96867607 22174419 46607830 53252359 36775083 69521465 65116784 92163671 2159441 24094936 75675337 72421774 15197216 68271518 18082028 71548505 64227624 75569399 12267078 53561571 99229773 27508843 23997861 59364160 98066828 19951647 30798560 61497306 82602521 65747916 28657171 40777620 76836090 63142570 57704597 82868652 27100413 42404915 71542501 61033641 52853288 46165548 59520618 10043239 11914654 55580237 76888398 47620893 20777205 48643288 64429211 45560375 75885745 1609025 12887870 22488497 19694237 68593522 91121435 12567833 16791963 95693902 54993754 44450879 67462914 66267237 75545014 11258836 39924887 77645665 76696230 81771972 85108604 53373762 85122539 30446338 68712481 92414497 39677718 67623627 78848392 96759677 97716455 43511451 38958383 55593738 99911707 75835633 65735582 19757123 14680776 18187869 44046139 3951528 7486113 74983980 91923855 49311156 82576296 19878229 63081239 21618596 95217782 74695181 88508662 37052586 92406077 24433326 88689772 17769496 27298674 8660732 94397048 55353077 24519745 67679808 95630816 49785944 62538206 14108272 87641566 70473755 39591759 75790130 77411981 9876488 3574320 72624384 40600833 84892447 11746537 38573024 62563630 34021507 31192830 97663062 98792288 28872481 66665833 33706435 32793979 29863593 33646816 59410198 5838722 98542792 14207612 13650211 82040670 53987798 3867486 26870938 60129105 41013655 57347447 11891472 58253343 79367539 42200194 94933835 92664341 56373227 61510185 96248528 2987708 14293497 78516493 82381274 23017046 81554186 43171034 88520167 30011183 95837143 96972760 45805322 95080303 17011744 34109652 96111829 18091679 28981505 40718063 47034139 52920812 45842327 7059272 68393390 22137966 16280970 23478497 35771688 79942936 81163564 2880758 30024385 86063096 34770046 35759360 28577594 26178432 10965941 8023206 79382759 32761020 13905394 873131 13770776 11947978 90655616 16737433 6795286 92683007 12473893 7473038 16562674 14101748 98344627 16321782 83213882 4527610 88933392 96879075 74036847 89481746 41197455 17764073 39549782 14246588 63305925 12581410 68624101 53168098 20810082 87786473 40727931 30610258 23701772 44047473 80710442 32516741 19035305 77999688 74159986 27508758 30423671 4653430 44059512 68382603 92603498 41771034 42492549 50018251 16043143 32629682 10027929 32619804 45465926 98342072 15814421 15228893 27880275 96633442 14473246 3653513 21946517 32561590 72596467 64178258 43375340 93482197 79072870 28668176 78975940 89537745 87307038 12745680 9246603 91694980 50604884 75937109 31898723 46013269 8416363 14550719 9956040 2507221 7856192 52663937 81485876 33030465 11764087 80775143 29820680 31635497 67874984 61250136 40470648 46000757 22471864 41241906 79753206 51696898 58277366 40022480 49779387 9821032 50136636 36379419 1577766 65006052 20063820 59037487 8767121 30938189 97967672 54265210 69118778 16819972 4803163 62331159 82513374 65184924 82270453 13946526 22074421 8333567 2455654 91897333 16673477 93512887 41789030 83624740 68734883 39401855 82107112 66792754 45979085 24497397 91442029 14872583 9243923 10125562 52239012 11413882 88466401 54952254 84261767 52233988 92801184 36326808 55339956 60540743 55601185 98380743 32258464 55537935 60396248 59006407 81269710 1345538 53946270 66412086 84935441 43830996 49247691 60317917 10241409 85272511 99113190 73788819 40472347 54844212 204603 67227238 85414797 77543149 10263134 18486768 41271275 3467565 73228101 84954335 61325399 88908729 45500177 67736501 84705092 54360359 83441308 36925260 58942833 45374081 51685180 80631990 28798937 17530727 93744584 64384400 95404599 62575693 88658163 34937928 71617358 51846417 77123485 53986958 40401484 84418035 28484833 61419904 10664166 81125474 89858577 56168873 40089426 96439238 56606451 43501794 36170051 58300722 40549375 59604629 99715970 19897534 3594789 8937972 49883111 54214650 9354804 39132774 39743804 24394619 55162076 48041863 95697734 70969394 2165117 97902887 23368402 79653920 34734932 66175172 82792701 13266105 36939619 4893443 39575289 484055 16204457 80959520 50315057 77796055 86751981 79496298 3233840 28953381 3892326 72989174 95878588 91293375 30642103 84635496 84801197 42032001 1587908 29437120 39423112 70730650 39933070 77564483 8102681 81657292 69152048 13232156 68958553 10278282 29535694 89246522 53576260 92985198 22586419 12060678 93817532 76543750 3881428 53498297 16539382 34135311 42392695 34838207 21367359 51895874 16660188 71348466 71806591 12610604 39161210 95072729 59003813 69870296 96685591 40280343 60605203 38136291 73539174 77718379 9573454 88707338 74080960 23828618 36286661 57527019 26211946 91526147 97175180 53763572 32069772 27723232 44052517 84907040 48494687 20743064 18299647 3748080 65058174 32997032 19162288 61067069 66803950 81500492 32930077 37242589 51017529 8261150 41685613 23798338 36013724 7893685 77549481 50985811 83564508 84598476 8705428 48234939 51707032 99982415 91177540 47389950 56418422 66997740 29678296 99491860 33033013 49755001 74729036 15807782 79162188 68153262 59023205 15249486 58558146 35852611 21557821 89513582 54891662 57409140 2358053 90373895 96317199 26441943 99640627 26257321 45428974 6138582 25449263 91146017 42174963 5618315 47154769 95939473 38263294 97471802 79491749 58327944 89673090 47006741 73413705 48088017 23952568 24283444 80221062 76240988 55776514 67716040 53360129 30905565 63963610 204652 13641533 49564796 45289520 1645443 76664066 86327707 39286405 16379274 49705787 65629061 89866221 81528351 36686417 40171377 53958523 81303882 65430578 11308999 29156844 82795250 43128976 54688897 12233018 21250636 46328809 82187149 19567048 30296466 44890253 72435467 16317954 16985598 50918732 859404 24448157 27744639 86375233 23161403 42034883 25154846 35878526 48212906 1840905 68111747 41215145 78895535 95268876 56891600 98568059 62665112 48729173 73105875 61961423 62210212 51052727 14583564 51748584 11336824 40139338 71944277 77963840 89672471 53161806 61606927 15747021 10063791 3261180 61584925 75257863 65126011 31379753 90432416 45368980 51189518 53541414 2693156 99006351 77240603 57077429 72348636 51510714 11334082 43720784 91260164 95878368 43799102 80297142 3786476 1812939 16440976 3034437 50295675 47271134 47099721 56801337 48804973 65275949 57832496 29241240 26087742 89864606 70685814 98130483 49012808 42125792 57774787 72311639 19198106 88208827 3075903 36397577 47990759 60570463 31923637 92882749 88202949 17480220 92035215 77853828 485151 93027938 12885983 53533778 4615338 59326812 16029113 48638782 70987244 50642502 95812755 126967 22538625 52236309 55750661 90295070 47126329 96398267 26644853 76997729 98438949 34156233 73519633 26146059 9607587 86335378 30873809 24386292 85538983 46233937 71605071 51739388 19220981 98359159 44596582 36590974 58159644 41043519 6299746 13161230 68816051 8680512 16841143 17133983 9929275 90277633 14105812 68164483 53181607 53872748 39092107 71901331 66416052 3412529 23097885 19932742 51627425 95793169 57572357 88857139 3043266 8423366 77755286 71033884 52135598 31757583 66681033 20671643 85587256 41440381 27283677 98504998 30026178 81926797 29918114 55408666 10530791 34296538 18357047 68661595 97462348 12103035 11794100 37792161 11051749 1876436 64274540 61778086 93528572 28952687 91201829 41584063 13076593 3951173 33148232 73860529 50895860 32713194 65014412 19186198 3839191 18218466 47798983 59310233 64622680 25719696 80054639 73653558 11940973 49389375 81070361 73329915 27088750 96236818 98985463 13436667 93602401 59829259 33411792 72673960 81248463 29625100 24502713 71960401 66904696 22052622 10933152 41966903 44669986 40720206 81072134 28019707 38667429 75195110 68399999 63552616 12008883 67879095 48452282 89676888 64220733 89105820 51189482 26157383 57117063 3232315 73259921 91174121 4618914 92011725 42975540 94848045 59026763 38258491 58018165 44455010 3812213 29863759 75682499 66331367 27926352 15367157 32781427 79183194 88964268 38270402 76848184 40612515 29267887 65019099 47672522 23015603 93350539 14652134 96344407 32467375 56145395 38289901 95011054 77420830 84505017 87647045 62122338 73664916 30166021 36081362 12782625 19047756 643360 98689944 15626088 88070982 96259665 49500276 13479804 14382056 12627035 78554156 13980633 64069604 67936116 98067880 41278525 59258677 53013942 5416380 78465446 37545668 70260921 34521844 61751781 9325282 75635189 93216062 96254127 10171579 5158892 59376814 10651209 46672428 83809625 27466435 5169622 75912059 74315664 48741346 44222843 66841225 70147151 80415845 32095317 5863036 8963073 73454811 93716912 1369513 55018163 30138719 66315702 14318289 89906876 57045557 70231361 85839019 97232851 57490441 51745479 2420147 6487585 60585918 67866254 248185 19550136 39135791 91462688 5867699 11744910 6335477 98085690 12740985 93285826 7659243 12618841 76597627 85551783 72403917 32656194 8055960 32128538 85257556 55837766 78474570 46144603 48757870 64868280 42070898 17590506 7777857 51619728 98286961 41661209 22064493 3084544 19559523 55969941 20187871 71933911 32349257 29083742 95649859 9854166 101046 53338993 24938812 57816856 8985698 23698220 41132102 68553847 70429774 59477531 19841354 64106793 26195038 13121528 44759194 37234830 76300061 81322101 42474926 58141137 81850362 26255228 68773058 48260409 24043499 97959840 72198786 22192106 46359938 18042658 39662115 64607418 78354374 26665609 93704926 63121502 87611537 37065266 7799355 35614707 45599439 11646909 21040936 35521364 46316350 86122015 81975338 15362773 79049323 45417724 89298028 51471360 99093728 73963419 41277072 39266260 1445935 36117003 70838841 73704516 70189376 53323324 30242252 50841313 61948592 49799443 87169739 60525787 31417237 50164354 20182666 68808478 54066366 39288594 95356504 97817317 99663718 74903788 91319788 76625614 62523202 84094873 9628029 22504684 10054428 24500933 64394670 17917488 97706880 3696806 48753926 963974 91030900 61041617 77639096 53765204 64305756 81447668 91224368 93022644 63282981 62687169 34253788 20215193 91053872 73138526 48038018 5556658 56765605 118113 7646921 90036051 58570697 49044500 53918537 10301468 41605165 64882278 86090491 79528526 6983055 82609334 60209570 12738952 59120331 24941963 91482502 86024654 88801804 31277054 79103548 45732572 51886322 11191142 38117017 62107212 32227490 70938425 89190874 94084718 69996276 32450379 10140243 70044052 6789434 90152466 59323914 29972328 39374903 2865460 6132792 93227961 90754102 53484396 25153211 28223021 51357710 51806185 44408039 28659294 64683396 15109925 25534017 75749720 81982269 15671924 29799367 15985522 72166135 25571719 85320630 7808365 73463572 803276 61265627 3204666 23139355 186478 51576761 91764689 74933808 53728717 82232707 74107953 16728706 47479540 8119590 60838622 53160867 94585537 34226216 77418471 13068001 15162530 60449643 62584907 65379631 27367733 4636552 97907965 33302267 71659880 93709874 97246556 13606488 9793618 5707532 149667 56617722 32306851 79012176 33026450 20398746 96419141 72535685 90554473 47366919 34124753 16871282 8947051 41653148 94640742 69179141 5945959 64810594 95526771 67338386 4122744 62797183 92875380 23371773 70829858 92226249 49948437 81153985 91907625 35183813 17154253 11661968 75239807 12134565 98913717 17537297 25599856 52787121 29505013 70435091 26073939 49472075 618013 79617740 5952101 95255486 17567996 74817429 81550288 72644579 67524512 15510628 3926968 85176319 69296774 95070730 16627745 1662857 46677413 9429261 69839423 36146875 39712798 33614784 36937502 60272863 4769230 18306301 85548449 43671845 59027124 87781983 829474 50060858 15635077 29678205 34769012 2744888 70989610 77046739 62316090 63428640 55987721 42904812 31516174 77457261 75244342 23877538 81957600 46900567 83844427 80937075 96871944 75307429 68927825 33210106 77512183 22243479 60092325 15539655 17334470 97407280 74827730 63449812 9862511 2164262 35805594 13374830 82567930 58178759 96650266 56045942 36583182 94965006 76874590 62879801 64247061 92537053 43926924 52238618 81210234 52585456 95109163 21296637 56624620 18654549 19224185 32688807 96207323 70302685 21852489 10788014 53979811 7261669 19821753 17109888 10484079 68676263 32975355 46577697 30832276 99677463 87500751 88493361 99993961 22231274 61035808 6615484 68447595 47248458 92417486 4359970 66335301 94199352 66464836 48364672 67063008 49165536 17021035 48461239 33421494 44685484 26820736 71261698 75606697 49374976 90320611 55784107 63726435 51495654 46397833 72292663 25684910 66982447 94567508 33197951 84058454 426450 88293894 12343614 59254759 71184401 29773539 17009621 53941412 89983277 19895528 35438841 5226994 44664853 4315362 12204048 44654177 2602232 44931653 17445619 10679841 92080344 33810273 2945474 30064930 10950979 62777906 59753733 27106516 46340726 36042849 60884552 24877657 74858644 81451108 73620605 10750944 13183883 79713412 85080401 61105957 56546388 88963153 56586419 8524036 15228009 48655655 46929315 99519505 86443970 47779890 33089783 37241028 42791452 82078032 21432276 81129514 63570317 13081472 92344635 26066908 61125629 79152191 91342857 10185552 62448703 7655723 88162152 71278373 83848082 93570895 90526185 63184263 47307218 26491919 37166826 44098674 84754677 46447959 22415588 34598483 77695407 97204639 22154925 5799572 56246529 10962401 1929563 94443631 97356864 34338680 71459366 31266085 41867153 51010437 99575074 96415162 82443730 28244177 2825782 91851581 98835764 65938205 73540061 56164321 18493930 72419595 61821682 88307674 7412390 24606973 41106977 25368113 89572848 52312248 69167998 5190127 61114609 90843460 22817379 76633488 84792906 73065478 55505489 98289144 79817911 25157036 82790894 51114755 14969720 12741595 43680858 72272768 59692726 95637389 54979240 19203194 29195987 96930532 37997091 48515669 63043664 63048094 73808615 24858691 98452375 57941908 61136791 28769951 98913318 38262563 80924937 48664238 30889747 60051245 84221232 26702287 10829705 49919233 59808053 80844638 91686862 92027982 3732965 44999100 33885465 76616994 62764085 26558044 23207754 79672033 91717603 55273213 85868333 85072876 2034429 48486206 62705516 85073535 42747073 52231798 37611120 79899462 73455125 55281478 28618713 8113782 92208235 94135975 2725848 80953291 53891053 29377055 95001913 41690021 78536002 72897055 26340350 26461207 17696159 64777527 56877135 45870058 34694392 76977562 44543870 49936964 46328123 6092328 1385148 67906455 30171270 81505857 57641935 96014579 83421977 42273616 33495851 67301530 29127281 56111009 4422671 54169156 45615034 93269469 17117992 51429190 19878463 40455620 74524834 67390013 32350022 4424748 766899 32531429 80833810 54084320 9245240 47844888 70613563 95774200 45547791 67244605 98064856 75525365 94034745 21019624 89858777 68429162 40889088 79193900 43528461 8795075 88481972 4383243 79321054 97309048 16193621 89803430 15926276 64192860 76224369 3637333 20490670 73235791 19883850 90081164 86840664 28355169 81700922 42793371 44952141 19910903 76703299 54414343 43627360 63822553 59837689 26869603 86844646 34564487 13542285 769423 77573870 46833508 33059694 89584118 2454123 
24866 45860 58198 83730 166426 183453 213600 251614 255444 297833 311518 329245 339520 351147 404778 470487 558559 578463 626900 637026 643490 669463 704081 828254 862472 908863 1037985 1056521 1082124 1103338 1155880 1155962 1185268 1188245 1212151 1224874 1239332 1251967 1262835 1274592 1321539 1340308 1341665 1430866 1438624 1453318 1456597 1456973 1548294 1582637 1589035 1602043 1646791 1695229 1702117 1725404 1774101 1778164 1843234 1864210 1886592 1893726 1965419 2035734 2053870 2128828 2132769 2187797 2205698 2274178 2369054 2370496 2408177 2423014 2426839 2430336 2434436 2442053 2451803 2452016 2556989 2564968 2567332 2578350 2588930 2605889 2628094 2658920 2662073 2664511 2713548 2717953 2739011 2757829 2759858 2793256 2797012 2821667 2931366 2953818 2964550 2985829 3073843 3088603 3156917 3235938 3249802 3252483 3271711 3279928 3288447 3297746 3341719 3418228 3504674 3519132 3525030 3563396 3566692 3571285 3581862 3617260 3721904 3759053 3764877 3765879 3781059 3817312 3824329 3862532 3884421 3997384 4004318 4048591 4073569 4150541 4213622 4250434 4272249 4289327 4295625 4302720 4312418 4334882 4381914 4401233 4428487 4434959 4526346 4545906 4570652 4597286 4599995 4631870 4724672 4732300 4832336 4878997 4930609 5015026 5038758 5041539 5071092 5109864 5133273 5138694 5148474 5219081 5356373 5375990 5439105 5504943 5537668 5568434 5591777 5687725 5710528 5714288 5723636 5727974 5752550 5803696 5860530 5866700 5871812 5922313 5927733 5959553 5987050 6006911 6033846 6052284 6055843 6082915 6108139 6121062 6192907 6227829 6228368 6234099 6245996 6320106 6339035 6348644 6375186 6387359 6484204 6522424 6532432 6593252 6607614 6648288 6655164 6736333 6760569 6879558 6912768 6947392 6987891 6997496 7005962 7057441 7079805 7099055 7105921 7116985 7126504 7161346 7166489 7170157 7186950 7216990 7236752 7239929 7241771 7245488 7301253 7485384 7652720 7683436 7707771 7746704 7773386 7792417 7841330 7843545 7855998 7876374 8005457 8034528 8081708 8166825 8202383 8202559 8214655 8220813 8291681 8319827 8350448 8363757 8484437 8505882 8579089 8580363 8628820 8654270 8693594 8705699 8720518 8786716 8800440 8809736 8824403 8943958 8962157 9000563 9011444 9041409 9048206 9059416 9073413 9107957 9117410 9131744 9149168 9150655 9162713 9197768 9203568 9207402 9213298 9213323 9218302 9266265 9270281 9289268 9327770 9341354 9377992 9401039 9417039 9461829 9564330 9596474 9599666 9638283 9694288 9794200 9812188 9854520 10017567 10033633 10060399 10135356 10151304 10324398 10398413 10437006 10466184 10470168 10526815 10554614 10598751 10602866 10643575 10672395 10694582 10718957 10719885 10825478 10864825 10877832 10885575 10896827 10916203 10921801 10925969 10935018 11040121 11098038 11102463 11126019 11145179 11182338 11220318 11249328 11251537 11254766 11352147 11393452 11406504 11416301 11474621 11515311 11696531 11707042 11862082 11908646 11916575 11947624 11984724 12009099 12015611 12033178 12096235 12123219 12136797 12143310 12146535 12148585 12158342 12168128 12173563 12238843 12241613 12266088 12278018 12289963 12291618 12302348 12306945 12326323 12377936 12461762 12488315 12501985 12653545 12670402 12675766 12681391 12695685 12709531 12717712 12718524 12740849 12744075 12768460 12779044 12863453 12902687 12940145 12993389 13052989 13060401 13067405 13105323 13121174 13236534 13263635 13287434 13393946 13471532 13527053 13531559 13539296 13560848 13572390 13625928 13643258 13649176 13726387 13729028 13768333 13772604 13772834 13782021 13801093 13814805 13818528 13890298 13911795 13957648 13960287 14069096 14073178 14080652 14095344 14097652 14115465 14121348 14214652 14244538 14298438 14318218 14387006 14414742 14416641 14433992 14506602 14562553 14580349 14672354 14795060 14970227 14977594 14990681 15041808 15132951 15178400 15201506 15275840 15298819 15306355 15379876 15382230 15395365 15484216 15497625 15512276 15660373 15710530 15810811 15835941 15867854 15879084 15935147 15945593 15984734 16015274 16028867 16031478 16058604 16128598 16146574 16152104 16158574 16167289 16234090 16269169 16292131 16292161 16318340 16325809 16335026 16347699 16502157 16520210 16532367 16575773 16587925 16605427 16676988 16682357 16726768 16738187 16753938 16760350 16806747 16818072 16898588 16957600 16968459 16984738 16993296 17061997 17065597 17075040 17148293 17262843 17270576 17353081 17376262 17390593 17460537 17469721 17494852 17527776 17585113 17612837 17626884 17643449 17715881 17917590 17930866 18003704 18022281 18093050 18103554 18144490 18179329 18246673 18272033 18302456 18317804 18320798 18323488 18353720 18365129 18384946 18385704 18432057 18440430 18469812 18472483 18540389 18583615 18590701 18648952 18746898 18750734 18754800 18789728 18839036 18850049 18865983 18902636 18968693 19022002 19034397 19081536 19083559 19260422 19270567 19312615 19313377 19328650 19426389 19444328 19451865 19485961 19595094 19685508 19688365 19722066 19756743 19817420 19842760 19892181 19905059 19994657 19997517 20001558 20096155 20125936 20144412 20156068 20156490 20163882 20174291 20175556 20195236 20242890 20279472 20348344 20381053 20398120 20446056 20446552 20455365 20459834 20465805 20513394 20540427 20549378 20589577 20605662 20664047 20678195 20680227 20683782 20705310 20786792 20804359 20844833 20877807 20892111 20911601 20915919 20999122 21025556 21086275 21096544 21104753 21111595 21122899 21137827 21169688 21170470 21265993 21270597 21309179 21310332 21310379 21339424 21437777 21462930 21529377 21541233 21562447 21631814 21635448 21658506 21667191 21667267 21716103 21786709 21857589 21880381 21894882 21949513 22005639 22008937 22017089 22105112 22116200 22196628 22211721 22218586 22223368 22344859 22360433 22392311 22406603 22585304 22613798 22648978 22664676 22670904 22677516 22704539 22735936 22814555 22843960 22851455 22851572 22871562 22982384 23037448 23040347 23066942 23092002 23132836 23145957 23164083 23187286 23233450 23250997 23326421 23330683 23436673 23512406 23532992 23556427 23615213 23696839 23742922 23853112 23865422 23940421 23946078 23948679 24087645 24090547 24120554 24149615 24186922 24255762 24267815 24283191 24332880 24403491 24421008 24455824 24458557 24530344 24532682 24565668 24596332 24605467 24615737 24635196 24653843 24655016 24674164 24700717 24728103 24755384 24759681 24763595 24770558 24787222 24805891 24927091 24942662 24990667 25014745 25055188 25101301 25124472 25128003 25181016 25207994 25221825 25302531 25307858 25348006 25379878 25388976 25441128 25559240 25565845 25573542 25629389 25656575 25662232 25704866 25759103 25858928 25884509 25901029 25948334 25954418 25976692 25985631 26019498 26025292 26030620 26052267 26085288 26116469 26127999 26228717 26235312 26253224 26258912 26289970 26405837 26422628 26428236 26474367 26492164 26503719 26520117 26541326 26542223 26561304 26586277 26633033 26648490 26691249 26741423 26750175 26793663 26801352 26805680 26811010 26908420 26949465 26965765 27005378 27009623 27015998 27045625 27118331 27146479 27149253 27171911 27238163 27245433 27283459 27312223 27402586 27486283 27487621 27516359 27616721 27624562 27624732 27645201 27712675 27739183 27752914 27796619 27800063 27837596 28033514 28085250 28085639 28131059 28199429 28269625 28277623 28353180 28407195 28425595 28428172 28513171 28517451 28530830 28536159 28544309 28551806 28560594 28591037 28592636 28623584 28642719 28682006 28689747 28700113 28772269 28772764 28820947 28834866 28837385 28864865 28960235 28978869 29002861 29006100 29019535 29031115 29088723 29097297 29116793 29147285 29206913 29221263 29234949 29256950 29283253 29283577 29374918 29568534 29604505 29748713 29890635 29892910 29894314 29914994 29915441 29922517 29932749 29948973 30057276 30061044 30078090 30135015 30140811 30206234 30238986 30257662 30280084 30321334 30326026 30412679 30426797 30510876 30559903 30599207 30601260 30602065 30637001 30661205 30690499 30696791 30775549 30836616 30842769 30874957 30989425 30990099 31008739 31023108 31044284 31060997 31095392 31097657 31114702 31116679 31137752 31171178 31187650 31248979 31249509 31316312 31322610 31345286 31350520 31389184 31425912 31471553 31482869 31491778 31525918 31548173 31565987 31568758 31595437 31609207 31655193 31704973 31716117 31722006 31808370 31839245 31860930 31885616 31942072 32004736 32056382 32067222 32082361 32082715 32109646 32152326 32186172 32202271 32224926 32227434 32261566 32262288 32397066 32453330 32517854 32555861 32606364 32728455 32733202 32733706 32734946 32737686 32747408 32762056 32765407 32833694 32855461 32872181 32905841 32917860 33002630 33031048 33069212 33090865 33092718 33099753 33103683 33132328 66639165 66695222 66721071 66737830 66773104 66787840 66790805 66810942 66855366 66951349 66952420 67014707 67040828 67109271 67131164 67133277 67142505 67253097 67259977 67289228 67292369 67301826 67331906 67362123 67377473 67382456 67406034 67408030 67440828 67468162 67491567 67516083 67524535 67576252 67725618 67775245 67789524 67801381 67834455 67854950 67888009 67923059 67974503 68045552 68057052 68057715 68095212 68099108 68105899 68130337 68199023 68228301 68247685 68296592 68298239 68409782 68473653 68511640 68514159 68532605 68542845 68564930 68570466 68580962 68593335 68598772 68613894 68614641 68637208 68655780 68732334 68804739 68835026 68867416 68948917 68992409 69002869 69034187 69085920 69114677 69212244 69218601 69226161 69231664 69263604 69267151 69286661 69302329 69329800 69335023 69342506 69344093 69360586 69428046 69507140 69580859 69644206 69677624 69704991 69724266 69787375 69792669 69806229 69851399 69851481 69853295 69856916 69891106 69967117 70032194 70053142 70091535 70112745 70123473 70156143 70165797 70182632 70213089 70285483 70349327 70355800 70439236 70500088 70533633 70569210 70598250 70618251 70620632 70686818 70715007 70730344 70733216 70753892 70826355 70889369 70933153 70963312 71018371 71112585 71153339 71155914 71248361 71293725 71328120 71328969 71348596 71394816 71436334 71442797 71448255 71453594 71460522 71557763 71566010 71585482 71611889 71629012 71703763 71723467 71772191 71804208 71847828 71944924 71945378 71993749 72005179 72020674 72046192 72066613 72105371 72142232 72145756 72158331 72229543 72238112 72295054 72311655 72376645 72391514 72430411 72459103 72502981 72544193 72581298 72609520 72623647 72685213 72689795 72775247 72815468 72845713 72860425 72865169 72880927 72911389 72937005 72983379 73003505 73005200 73034225 73037551 73072691 73135269 73137274 73142595 73145533 73215954 73216442 73220293 73263228 73285258 73294007 73309280 73328579 73399231 73532435 73547743 73560355 73562384 73595129 73604714 73646371 73673467 73783096 73823442 73846672 73879120 73904052 73939464 73942855 73993703 74046992 74075331 74091342 74092217 74123026 74127847 74179231 74184330 74202782 74224736 74243446 74256244 74340485 74345857 74400616 74478374 74520008 74599160 74629149 74635610 74649593 74734729 74742394 74836908 74881087 74883403 74939999 74948306 75049787 75072433 75099657 75112689 75129152 75134269 75138756 75144450 75190241 75208001 75250516 75297003 75324382 75349234 75363950 75379092 75446775 75475170 75483522 75576987 75588374 75607872 75622092 75650334 75682006 75691483 75816933 75875031 75877829 75948761 75964612 75972715 75996972 76000547 76058922 76095441 76134031 76192406 76225196 76238201 76255131 76292513 76295160 76296596 76297391 76312483 76407765 76466935 76489893 76584862 76647027 76654289 76667940 76707075 76813337 76830938 76839018 76868453 76945284 76977369 76991871 77028678 77069311 77097929 77147794 77157169 77186891 77224999 77228470 77318303 77380535 77402414 77427120 77504639 77572319 77592396 77599074 77701471 77711131 77740418 77743478 77754938 77767519 77795244 77855537 77856991 77910822 77976218 78047605 78091205 78131051 78214548 78240331 78256885 78277355 78297265 78364267 78413352 78449949 78465475 78605755 78649634 78690365 78698395 78724426 78748914 78784339 78837879 78934307 78945008 78951746 78958100 78963747 78966090 78969616 79029838 79077626 79088081 79114812 79124925 79148696 79217999 79220366 79273590 79285386 79285485 79320967 79363910 79398426 79406735 79431817 79474475 79479651 79501715 79505084 79526529 79619457 79672511 79758743 79765709 79774465 79778588 79795861 79810585 79841533 79870551 79904471 79918464 80079445 80091831 80095572 80113102 80137747 80215464 80239947 80307384 80326790 80406499 80409167 80437941 80448119 80453537 80489951 80495053 80501318 80505938 80533034 80542996 80563206 80622063 80624668 80646650 80647293 80687540 80703891 80768243 80803853 80822633 80919388 80936455 80951134 81028046 81099138 81142347 81177045 81208432 81219786 81220862 81282846 81293985 81356091 81381014 81443446 81485735 81507092 81520737 81531185 81600549 81651293 81656208 81664201 81668841 81681375 81712814 81728771 81731268 81798155 81868842 81940982 81975191 82046807 82052326 82069955 82111255 82116751 82118966 82148641 82231584 82287523 82288514 82309232 82360655 82378651 82403066 82432875 82442593 82488901 82506963 82543851 82548923 82562783 82644819 82686243 82691039 82726996 82829416 82854543 82892367 82895818 82913258 82939543 82977411 83002754 83011576 83038148 83039775 83060624 83063345 83088945 83103077 83108692 83167536 83217399 83228428 83233629 83248419 83264381 83280713 83306640 83307477 83335603 83377931 83380277 83394761 83402805 83403623 83439882 83444359 83474981 83482334 83525574 83594357 83632171 83651238 83689634 83715278 83764965 83809547 83816154 83838836 83858385 83913123 83923940 83929693 83930283 83937818 83949904 83985390 84000057 84007622 84025849 84040207 84071080 84175810 84188193 84221977 84263635 84300416 84365218 84458669 84460919 84472612 84492685 84494380 84504692 84546802 84589521 84594635 84630809 84646607 84770830 84791157 84867192 84962229 84996313 85081626 85083317 85087549 85186783 85196554 85257003 85275459 85345702 85353194 85408810 85433449 85449589 85480678 85503211 85524193 85533644 85560592 85609906 85768960 85785852 85820850 85838041 85838781 85903963 85954874 86055421 86123651 86151955 86161744 86248501 86357126 86507479 86585945 86652332 86703030 86705076 86753222 86787932 86794666 86864805 86884154 86905624 86982891 86997403 87023600 87031389 87033278 87045704 87102624 87158654 87167402 87184639 87196462 87286759 87376857 87397212 87463357 87502912 87514028 87522693 87591357 87662434 87681067 87686252 87698231 87737451 87770994 87792470 87831416 87893298 87895343 87908059 87933722 88003823 88037531 88066535 88083101 88227744 88245233 88384344 88433121 88475883 88563187 88768679 88777176 88777899 88833483 88864510 88898246 88955796 89006029 89015629 89045617 89062032 89066337 89081693 89123708 89249108 89302870 89328600 89340656 89419307 89456782 89536836 89541339 89549764 89589042 89589695 89611367 89628203 89649275 89683212 89707968 89720776 89725832 89775125 89779373 89786066 89805635 89855897 89856868 89861276 89876080 89900068 89990701 90076693 90098644 90174427 90182011 90251693 90264353 90287582 90318565 90337035 90411649 90454434 90502887 90564601 90611479 90613040 90709413 90723322 90735121 90766891 90782389 90821027 90843174 90845236 90926802 90964264 90969018 90991174 91027358 91167850 91184867 91186778 91189268 91192444 91219471 91315220 91394343 91403455 91415713 91428833 91430051 91430844 91498858 91517483 91537581 91542675 91547484 91549887 91552870 91579476 91594737 91626252 91626727 91630184 91651213 91666802 91677483 91682834 91733813 91815039 91848607 91943317 92009299 92093044 92133980 92137970 92231336 92245578 92285141 92297484 92335434 92413294 92442315 92516580 92532182 92622225 92648997 92669101 92675867 92679615 92752050 92780212 92820609 93002566 93013740 93029393 93084312 93092926 93099190 93156734 93182317 93297000 93309144 93320651 93341399 93360661 93405312 93413311 93475247 93536084 93552673 93561312 93567741 93575570 93576572 93592895 93610021 93618655 93642785 93684419 93771497 93785488 93834359 93910430 94004032 94020177 94127197 94223362 94236425 94241710 94267614 94280812 94310210 94374025 94387397 94440105 94451981 94463750 94555260 94580185 94602644 94627359 94657355 94689505 94741524 94844821 94846012 94857124 94886180 94900739 94914430 94918900 94935875 94943520 94970996 95025725 95030927 95034573 95066629 95073062 95092155 95138917 95173212 95178923 95225486 95250797 95342527 95361511 95379252 95385427 95438973 95471633 95477910 95601819 95615001 95637439 95643584 95674263 95695326 95710539 95717262 95751155 95778872 95793597 95800477 95844246 95857948 95862940 95906660 95962731 96028947 96036257 96045467 96055576 96097893 96116876 96121745 96193477 96224228 96232318 96296058 96329691 96350405 96386631 96443363 96445847 96526102 96559505 96636784 96669552 96687353 96709989 96739387 96784407 96788936 96857202 96860504 96874022 96930339 96961066 97037885 97063084 97107545 97120912 97134499 97168708 97184015 97188601 97190561 97200822 97237762 97266913 97282489 97288557 97353204 97395207 97403642 97431552 97448571 97467077 97510286 97521857 97552268 97581047 97594023 97636989 97650393 97658065 97688441 97784866 97830724 97851557 97888641 97892700 97908812 97942618 97961864 97962778 98003067 98015732 98025118 98132834 98142772 98174972 98194872 98202049 98203187 98220216 98244943 98300530 98314373 98323023 98328052 98410921 98446986 98497900 98498523 98570713 98677770 98764068 98774344 98819389 98823573 98867435 98884017 98925750 98932280 98952296 98960324 98995027 99004888 99011680 99040980 99060204 99064752 99074239 99109687 99115841 99162448 99197684 99198906 99223470 99287178 99291634 99428382 99469820 99491999 99554733 99598907 99628381 99683895 99707724 99711903 
1999 1998
35526505 8335809 13774141 18329720 79991353 62590250 4054129 78256773 30057660 43477273 84098805 74693980 66577939 26965266 38879639 55052535 11130441 23290727 7814640 2203465 77852581 30491370 8118373 71326235 60720691 54102138 69833447 66090901 58137616 73762350 53870831 36917816 34060923 15628256 81039773 63619715 82944117 80123383 41314165 70726851 65821718 36168248 62682311 62325763 49966111 758984 82270295 27512086 65280973 9620598 63034302 36331119 24531327 93128393 27422067 28228848 46005947 63888376 95775103 53022562 54798621 34972492 19339157 26285547 52170606 94047315 19333493 46711045 92219510 57715810 70064460 10413424 62484737 12421265 14119167 96395526 59449684 96269787 63314330 64623089 34546929 15734153 49406175 16377880 30770880 76204458 48028608 40047303 59636561 21362248 60239213 39974620 26542726 80667037 19744806 51911392 90672467 59808985 62361520 52576976 44125025 67120852 86784922 94232447 54376944 91844509 75242693 11367926 33850856 2274829 50876770 85257848 77891629 82467625 3173032 37330230 39713034 61953704 23129958 97017859 27548981 82400380 45923099 56515528 55189733 53036693 88526143 74817190 73488892 97342389 7409635 23115541 39502930 9542841 83336225 98088603 7612898 83491933 36550664 77385936 38692645 57269705 40844239 21415556 62383397 63390980 60433009 49588933 96605845 50669181 2748119 19762590 56261734 20905165 44235230 65928838 5334883 45514282 56442047 98781196 93686725 95887637 75788717 71470649 10274687 73805988 32161308 12405943 29616468 82142338 26635925 14568637 51472488 19840370 91568461 2302015 49213100 36129154 83372831 95394766 85773978 11554127 42368255 94118682 64211835 32633666 83326263 87279227 58542656 94610035 40718363 65336592 74883473 12711535 96770899 82786458 92676803 34391928 29720892 55648450 165852 53534698 28798311 75718708 79687271 52534268 12371114 3980400 1019859 8394639 48023512 26820513 10994295 23629704 69058805 45112806 7534786 14332005 79227114 10184301 14253446 90060554 67787540 66668722 56574671 54573918 31965123 72529979 47633879 84611421 59607949 22490387 73393338 72986770 57159157 29490840 3856562 52827036 71644101 17053867 364754 43471528 29752720 75866387 68094475 35470417 54485001 95185726 34253731 37194679 58538587 20679345 41066862 72397119 21576781 3774101 88433492 58081453 25777923 13886742 56782192 82377590 28268319 16960869 24849123 9064901 67118252 72805276 28201689 24525727 54441556 61126028 95943240 42580202 24927470 49342233 17553112 53282280 15883582 56865028 75452968 34219875 61031869 85799397 82578292 36220797 89374590 9811129 59983429 58367717 94156271 19042762 99010723 2645772 21171034 53537719 78006109 60515169 36727168 5931173 66249975 17219722 70841812 45012098 574899 61892844 55694053 63940235 55657391 27935792 55465417 85735122 90304806 5673026 54213332 93647828 22718747 13476301 31173481 41707186 69456696 17397463 93938822 66356689 84067977 68385324 55070096 52799451 24218754 37904808 17915925 58963670 24872605 95969142 80357335 87554455 70374620 49478210 73797219 96512527 55062114 14372404 78798390 67810732 2372998 8241884 28988434 20092510 29298256 16913837 89019534 37431647 20010040 204183 87280947 83698619 47348466 1806243 35488759 85053460 48173510 40064566 44392146 1998759 56798417 28727757 50436277 78524183 78192240 4016590 47159342 75837813 10110453 37190750 53010427 57914348 55429695 17517803 43430453 11070952 37430748 937893 1123095 65912891 31010250 22807623 3948026 85225979 60459965 57929520 15282792 48287868 63926210 22762406 61613170 4333916 61446354 39291726 20288591 70814573 20034422 92417373 51739380 86142995 31682268 82669035 70536910 18405401 30506386 25613188 83672354 2935427 73030553 48209626 30730157 35355525 7137600 63531839 86120190 44837920 21540431 85035272 57490684 15954342 64117916 99655329 67927726 78629101 47347645 492575 43198407 65208639 22916434 76177675 36054763 81245110 33393546 41580174 21349375 29127193 32565225 24551249 89876572 8323797 45930107 1541154 25890051 3441448 90504753 71051039 33789491 72356386 31469026 92277419 12711786 43349569 95681540 62421169 40458612 72467524 35221417 24279611 92902120 7837973 10243378 98756492 64954020 98006096 39919760 31238247 75875591 93208148 85323690 80142330 38655375 56373514 34637749 28900291 28548141 55649058 73025566 48347287 33265766 16639678 85822438 26305877 11515326 94054507 45589154 79440621 67602543 75556724 31374623 35523338 58525677 52192007 89092548 30732027 47641533 80052816 52744167 58595214 11762372 2662732 88047733 25824289 95237248 61186155 78316251 65001490 40103107 51583538 55367942 8936012 88459079 14341980 60580248 12578829 18683999 71792774 62443127 81142142 40829526 97442007 4325351 72764533 61450710 95298560 30022008 20816209 24427120 57529398 107397 98278348 51636952 53230752 35861614 18461491 22158103 87803226 31557069 55154264 94532067 41586829 42417555 37870816 47997132 93837242 15346165 71778627 22419242 98130850 40806703 16074927 7525646 30125820 23483376 68125265 40170593 74880406 23558113 8571225 4084850 18447614 65839435 6054436 72329297 89433733 76757571 41675518 38421963 70758447 39679935 55719592 93932280 98107257 97546211 37442087 33198265 92387046 81384277 15418383 71606883 48264488 24274217 46284939 75796954 23097344 50251640 61440004 78021153 43660114 3953321 20459803 31879359 45449934 97761706 56619022 72027166 61092758 38807327 15146146 47559972 38694711 77213706 28966165 11133202 33845382 82008382 95373432 79752757 20853440 55646090 74456119 46238395 25738084 48677490 94351471 18929587 78272306 29934174 24916334 73053671 39538720 92784351 6761149 89630583 41148271 1129040 34339756 70226031 87801438 7433693 45954280 3890925 17910730 72283883 26798117 92963456 49279660 11906878 83969644 97910410 59306325 87288229 5978610 38847981 2440712 31373134 22711891 73726756 40985787 37696826 81856211 18095213 3100255 78566062 83328474 23380130 27352395 90726436 66428159 11948894 11857061 64052501 89639978 69557001 84797826 51990097 84553655 60865286 70682493 84689551 5838196 79836743 1638570 35759185 93500374 18457337 80383815 48646115 52977079 38752521 43439456 40336444 74197351 24725940 55554598 17937612 16954534 5297182 2854238 99162297 13435640 31122960 57326533 25386763 29381519 9609175 39692217 73389108 64751425 7596209 45811389 44750398 96737761 12495307 89693216 75771018 93564923 33931630 91654809 38883028 72828047 86493616 14314957 58260948 54695240 38525919 181491 68525040 37214598 60796721 47619480 18047109 52192810 49344341 49560892 46628840 58690296 11206161 6999245 20764573 33681925 61476635 58794554 95954919 23231856 26151874 29557813 87879927 24915395 88857566 28544798 80085662 59438621 66431007 68937426 37376875 57142107 84227818 46065 44613904 12538562 31986853 3373106 92277152 98736730 83202065 69506606 75232672 74019177 59399534 46751638 2081959 12148831 46889588 67291343 36994317 28689758 81239875 46502323 38227384 85288137 47497758 93256801 31949187 60672980 62543643 29828206 74930203 63518822 54638125 9532029 72049580 75897926 12257539 47771046 54004663 81649180 7537191 28234707 81903559 12219274 38868262 2312565 56520483 74084342 78826491 10689431 81117321 66339828 56931574 10702976 29090938 80115703 91407868 38512035 3417243 56924634 46295249 63131516 73676669 53845559 90940458 66767284 7417618 90987434 31681143 95383423 77680372 43129137 7846873 89488382 17394235 24154049 47815221 5439662 81605790 51300755 48582377 75676434 52452707 51141704 51018192 48631590 10586675 8963089 51602592 77893930 29926747 58037113 76883569 12401675 79720727 78588013 39002255 9725586 32170283 30587389 35487171 70562035 58942042 60240961 31733196 7336118 94066259 31261879 49380561 57360431 54623875 55284603 5801053 56781943 90408070 33670358 26657565 80224479 12492666 37822049 96280670 49394153 36503509 3311311 69776786 37735380 1587969 3856614 38235666 28866526 77152463 11244247 76121334 52904803 28011429 51123182 72437162 10994751 25268628 8516843 32216920 28587666 51590557 46923948 71025421 17105054 73080743 52871659 22068433 71303858 58745383 29627549 18428251 23578429 84856685 29191703 31223322 2910696 29641920 23555153 31399262 49265144 64362358 91395651 94492386 28619981 33517713 58163226 7979612 37157998 93413359 56685953 36168879 41412721 55717900 16396293 93381540 36392813 79828752 32928420 59808271 93269733 80302311 4016748 86149168 36645526 72719341 56015708 24791645 47178983 40382537 79823392 4569787 58971899 81770078 47077605 99666033 85728131 38075510 51270994 76883861 47864936 89284848 84819335 42889225 14849416 25566689 48763076 55745951 67934471 42697407 26987862 72801243 52421601 47415860 55352864 72631791 72215884 79209614 7076469 47703741 53578292 10522848 19320849 58714504 78798477 83680964 56420358 67390759 62210666 68119735 22714683 16165381 14380558 68083164 69908125 60467498 20666890 82245005 6840766 33614424 31250824 98344862 17224851 79082912 85960032 29067528 30841030 81207258 84727516 21357188 24957389 2603702 18136145 65982917 13608846 54774748 93876299 47671442 91534840 4487152 56653095 75929360 21264236 95956106 16067170 54147185 35743999 50836734 95303924 94105090 42780627 42901065 447052 49175146 14004884 21162426 88771723 82274565 16001752 36038249 25763894 15454250 65673475 30559638 1230358 64114587 52912719 86325440 536500 44738079 77905996 10467206 45074172 39635578 22824282 93375882 93869938 86114701 78136787 15799291 4927974 38527996 31882746 2878865 60615410 428639 74814956 34539247 16782722 65757400 27165260 97339769 83806129 22461985 90991194 99431681 6565246 73475622 10204902 11824886 81393672 90173411 37741232 1182380 80320282 88855726 17156826 1649518 63025596 83022569 43521459 30975633 92418712 83491920 90478771 13415621 48811110 50818174 81063930 17433920 77125668 56325434 4818033 79121112 91173727 84137408 40626220 87356261 89767027 67733121 47315368 81847875 75033837 62268205 26909764 19856389 40641757 29034874 67471273 54163528 92331051 54285027 85244296 88138365 81557004 648958 2782482 84610737 81415000 49900428 89875782 36762089 12568414 42421601 92596978 64012803 20646614 65227090 22459678 94528110 40190083 10558510 11893338 5130206 96123979 55126515 42925222 13198323 77786620 84001733 57152000 30891471 56220815 72043109 55501555 28034926 28393605 44518839 44887242 48194946 84932589 57910240 91463208 92606829 88513369 42422020 13872452 53875624 9627985 6825210 18008473 70236489 27824009 44091910 41705862 3130605 86438444 75931094 76635 26801367 14507502 24905080 60029101 18384170 84062038 74703358 66000433 23655182 36733137 45613321 83269022 18383759 60510489 99333714 16787260 3862083 44854760 6808816 86401170 81235477 10402589 11944296 66979201 54879753 65265788 3611458 18589618 26346414 314316 22702424 51349300 375036 19189763 89309426 53691955 29468551 32153431 58229899 95621184 39924423 14219423 96468529 80020948 3720303 94350378 51366754 28410942 70163695 99979131 25743612 16548208 94076366 33688450 44090377 96687885 32257211 714651 3998487 72513084 89329442 22060231 23975509 62236081 80757487 88892990 59299627 88759315 63470869 82718541 50735465 64152812 5856273 81192645 21536879 83007966 63870609 11765773 19790952 33676680 20627712 99345331 36033750 33115638 56993620 65961085 48913388 33402092 63041065 91063944 41358943 91453231 16433670 64532926 62653312 13862246 80865861 19600731 99761087 76116607 34265045 52361660 67825404 21727973 78457882 55390263 76584382 29990020 96019813 48533598 68110996 48622528 11116861 43858155 617996 63117371 20225198 5291094 36574701 95117170 18995374 10677973 84089298 28005313 8260353 52776753 47074840 9873187 29804177 12815222 57641645 72595915 37670889 86108262 89086239 31184187 80482247 7390299 99123061 92096533 88369451 42298581 74569089 24645262 58355760 20844820 11445321 61286862 2811718 36183918 46474383 93478697 45059094 51228030 4454213 92341881 17286187 61551646 70136712 99532613 13987617 79389106 27274769 34100803 55214681 77417078 20910995 85988732 90965342 45504264 91291582 54223999 60130769 97633798 92622872 66823631 27344579 4694288 91639110 91710984 31150098 21371669 72219103 11149223 83798027 90648203 1162478 89627211 82198049 92511359 52244020 66282768 55293532 44740709 12121159 9953037 78103318 3869784 42278888 69807584 99837128 84695637 62820062 44425419 21961473 82089585 58635130 59848010 32820690 70902043 44375017 96700575 10602010 56032247 50010839 77888917 35361868 76661411 63191874 27116862 71106592 29319590 65151014 5419259 64209317 44217338 34950409 37208707 24830269 82609791 63669418 15671484 52534768 49521026 16219045 63745180 93607920 13578166 86891634 65061570 42563979 4870236 40401703 53259747 82113893 734841 93092074 1694265 3879214 35725594 36175977 78410362 50297526 95630659 10457948 56635647 29802112 53617490 71516739 77541338 40621269 72696691 61490757 70042041 46325980 69439555 91654834 94552574 64237328 93282755 9678649 89795200 50369545 25689920 43142517 86143869 71556113 92245634 92140303 80053014 46424001 30350522 73555996 7572973 7180001 38050584 37973686 75180655 66127132 8408938 5921675 313132 40321222 97769892 31258653 85063563 15680474 85420462 4703584 88237469 40225475 86042863 40546843 32857180 55899185 89031834 88668283 31502766 54464728 55270715 40610982 95542616 19570525 61959098 96074394 16937237 35538899 9004104 61791940 54809412 72903303 86125444 99507540 78363766 64155990 76603655 11974017 62492680 21526116 38517206 59382605 12597617 4656920 20550307 75071022 60541866 27636072 11638880 74152786 83247641 63374989 83404392 27228980 43682079 28302815 81381403 88330282 51239082 40652100 53571737 11072317 72929809 39867001 66677694 96315331 44656892 12024283 69129984 23739629 22886101 48910752 45803963 63286900 14779268 26722568 56570305 18118055 33408223 67282715 12713996 4956643 44476296 12805915 61421053 80782070 79158194 49726504 45377761 67878996 39839160 80703609 68109217 46451301 49770343 66162804 40331529 68698030 32454688 51304373 79681385 23397662 17442418 80639758 16406439 93430430 93072043 61778583 32366922 19748105 87579629 91565107 94648229 29215486 24328444 24773392 68578257 95037786 71016514 40952814 74120878 40924442 28038611 67510865 48717366 30144022 96385442 92785033 8144388 9510452 41383034 22030232 80212508 2018923 74990602 17912598 7980782 95590946 93742376 9625663 90101882 37387813 62788580 15135080 9843786 16369863 92216593 76603978 3297243 6347868 3977748 56121786 7615008 99357152 42307990 42037 75800503 86396477 60263391 7860595 43882452 38183441 5418218 80343780 77949998 62446930 10601812 40951746 22593655 31631128 62352859 82898719 28109532 53657782 90124112 6074750 26578781 33751677 95438861 75940083 39356616 30160322 15624721 78883065 73660041 34880673 38593893 88411530 40372249 66919749 35286766 51605365 52294907 24038154 80449320 99785450 76577215 15824170 48403457 15463463 17030670 99614991 89061732 62588747 55397102 61347940 56260134 4484342 88190281 21090268 77625392 93221887 45832187 59327944 28657569 8399759 15793177 88552174 37446964 81215440 44665162 52805651 59527746 18770164 46820564 35166179 19804584 22722758 15337930 84202495 38190971 27592481 51835863 59625918 73230288 84348986 90548411 64055628 67344785 84511324 10354143 4205758 36497429 92529794 40497494 89825040 46475217 31788936 93722536 50810333 10330722 34130696 15422432 90996324 41515887 48423196 87377009 81228300 14114776 53882406 21373171 39695991 44581700 34633758 79358682 16849216 83569249 87159433 54570483 2325633 59635237 66832879 53157765 24040200 94837803 69026772 81368876 37836675 99332057 21676129 61188305 1333674 10507222 73652634 84746619 39608102 22680072 31633789 37472334 63256854 12510720 74851039 81146295 98875301 85476976 65948125 73189118 84998806 66384238 87546506 46076193 7175499 16775688 64506446 69345477 79764106 36370070 42682483 93686135 43120456 65781502 91641891 9625372 12648104 20082387 11276643 71089918 24848974 68611365 48291532 59237174 90395393 26429966 42623174 16586679 89685285 45398333 7426875 14230203 78926193 1740864 53389748 5119462 77275979 356609 10436393 74720770 87030756 34943159 5430220 71005978 18802209 2308741 35376610 50791705 79312379 39187802 15505250 36258831 39315554 94901620 35963810 73155279 13346196 36886941 15357747 94439942 17400269 57614954 74647357 81034060 83111773 34825511 88351721 54037124 93776714 32868895 69476459 34030493 36787147 39770028 68162559 63235947 13741195 23261257 90651462 13495835 30727040 9474046 8020312 11165369 67044853 87660830 44604066 66607303 56983957 39571561 26091303 73845158 27406041 22589250 43633799 74798517 48867783 74467024 13526063 63031563 71752058 28203357 93797693 67771350 81824330 72163396 79368757 67882427 10229954 23859828 66952270 95527313 29203842 77346110 83670282 87086486 50520992 84571988 26117782 40810607 4862255 29377125 47558551 32090627 78665313 68764503 98522099 51914090 78024 5394316 24335017 15537284 75051806 85154133 4386080 90060755 31819120 44865337 26021760 49336145 40895268 33155176 39834688 22921736 83262763 4818825 11442645 51372081 25618266 73524944 80947773 38200084 79378299 21253355 53638881 75247028 29437076 92092259 25772300 36363933 87862867 84509519 94166739 44424622 34955452 51889527 92707428 42989820 21875989 81846009 29754923 42530585 64208973 92635295 82168852 81784551 60549039 19859645 31809581 95752794 84132168 33232866 79297219 16794364 54487492 69671637 26737216 50572002 4525625 96930796 25082394 60265923 61169373 99609537 77183859 70437373 88061195 36191508 49197495 98465169 2837837 63603106 85675590 84080521 39734770 90478103 17777998 27149376 89743199 55631597 80302232 14970049 69682391 96011494 72581608 47785525 57372851 38978365 23118375 75086711 14776063 16950426 42227750 11217359 75432220 45050802 50697638 8361986 47542631 83272853 22189685 90259920 91469190 42782039 96300172 66181705 71767312 24113481 40455896 98952627 81879257 27173133 83076297 
6563 25129 131040 162279 181422 195560 197763 226109 227741 352964 353067 442565 453356 461480 466645 519324 569239 669653 703809 722224 734893 808009 834052 848508 857829 910061 934184 994586 1009302 1065855 1083979 1286572 1334350 1347874 1441423 1542269 1544616 1592359 1602156 1709549 1733200 1742286 1754009 1765887 1770762 1802291 1926848 1931381 2041836 2115418 2153289 2240443 2306093 2355141 2379488 2384513 2389496 2402022 2406476 2418083 2473239 2550933 2591582 2600035 2659041 2701792 2720484 2810715 2835600 2897669 2946141 2996885 3015292 3018110 3023166 3048415 3057886 3071543 3129838 3156632 3174542 3191550 3195601 3199709 3253367 3262630 3297188 3313293 3321760 3362818 3397069 3450644 3551796 3573917 3645805 3680453 3711299 3712272 3736764 3750536 3787725 3823748 3839594 3854493 3938075 3941701 3975880 4007366 4222415 4299935 4303625 4350121 4358977 4409992 4428011 4485465 4586827 4587830 4670246 4761298 4839311 4869053 4896866 4916674 4917325 4936296 4963296 4972665 4988939 5015086 5041992 5054906 5108859 5170139 5194462 5199052 5206866 5216489 5220080 5230089 5237842 5322685 5410250 5494997 5504334 5531242 5551735 5723737 5727581 5760216 5791630 5792113 5859271 5863266 5871455 5898620 5933248 5966510 5971522 6034655 6072139 6072530 6076504 6103089 6145387 6163792 6179416 6182450 6204224 6209647 6210006 6225080 6275720 6277704 6283328 6284891 6423988 6433403 6528691 6543386 6605357 6612902 6674885 6751566 6845113 6953644 6961223 6962507 6963788 7022402 7050447 7193188 7197471 7212309 7219758 7267590 7304751 7346510 7424684 7455894 7460812 7472094 7570686 7603531 7629922 7637757 7640216 7648050 7677232 7705872 7748460 7793373 7824513 7860843 7887916 7909425 7963159 7977997 8114965 8147369 8153959 8172663 8210493 8230798 8248288 8251460 8291890 8341765 8351084 8404458 8414920 8428009 8452019 8533368 8543304 8563405 8568859 8598662 8599260 8661561 8686081 8703133 8708556 8761542 8767712 8771442 8786548 8863341 8889875 8919608 8929440 8969347 8992389 9000644 9016282 9021621 9038576 9051374 9077745 9092665 9095083 9107106 9185553 9201960 9252912 9263329 9324317 9360542 9367339 9395161 9412495 9434309 9461041 9474750 9496348 9536376 9548921 9565832 9612461 9677106 9700202 9759925 9799294 9805873 9861225 9874075 9955737 9961732 10060657 10074877 10095827 10163475 10217979 10317906 10366120 10399910 10405393 10432440 10442707 10456062 10456385 10474850 10481924 10571253 10634046 10645897 10660281 10695403 10698554 10704349 10748589 10751440 10835424 10842497 10856348 10869800 10883436 10967954 10974211 11027821 11032930 11078984 11103032 11103397 11115697 11119557 11131881 11133742 11144561 11197297 11200311 11250151 11272158 11352343 11424279 11440224 11459718 11504992 11535355 11578789 11585171 11649801 11699074 11708781 11772470 11867527 11958749 11962570 11970366 12054842 12070866 12085577 12112232 12126461 12139952 12174784 12179555 12182331 12211798 12216878 12235739 12277008 12281495 12307613 12355595 12360878 12391561 12406874 12471485 12488549 12530434 12589098 12621477 12633851 12659752 12666035 12668502 12792194 12834699 12880056 12920432 12932590 12936992 12944148 12964884 13069686 13095705 13106703 13147522 13154247 13261056 13276198 13300369 13337255 13358856 13361086 13368970 13381317 13425944 13434102 13451442 13461261 13467547 13497501 13499593 13508223 13515017 13518202 13553475 13585902 13631723 13645023 13687827 13719248 13743591 13756777 13797814 13873533 13894982 14011822 14022375 14022675 14064145 14149605 14167325 14174293 14296041 14320264 14351869 14368427 14371358 14387359 14390555 14432751 14435881 14462271 14537303 14560554 14566654 14580346 14598964 14623313 14633499 14638078 14644625 14659898 14662067 14695553 14725733 14765123 14797804 14797994 14869371 15016830 15044251 15073248 15237154 15244867 15245439 15351236 15357813 15360562 15388648 15391793 15422673 15438515 15500003 15520011 15525566 15528131 15575304 15576997 15651666 15750373 15753980 15755907 15782062 15785585 15823225 15834059 15928066 15939358 15972284 15995085 16141367 16179812 16208447 16256818 16450622 16460817 16507944 16572714 16621311 16624400 16624771 16694075 16702364 16757612 16782160 16855121 16893578 16897185 16937638 16945787 16971541 16992061 17003006 17070728 17094756 17118532 17163293 17188826 17326910 17403423 17454619 17482743 17490706 17510794 17542240 17552543 17575848 17577591 17595783 17631282 17632796 17642667 17668808 17691480 17748228 17755585 17794698 17880899 17971730 18009774 18024550 18033656 18040021 18048199 18087972 18136808 18137723 18143934 18333528 18387918 18401044 18417151 18428973 18453610 18457468 18459361 18463079 18469432 18492651 18505341 18548375 18580119 18608883 18615704 18691703 18706946 18758440 18775546 18796066 18819787 18879340 18935350 18937810 18937986 19003008 19040484 19213305 19255335 19261087 19325008 19360662 19376288 19389242 19425064 19529656 19623315 19655432 19658697 19724476 19732011 19755033 19755651 19840957 19873739 19904880 19926094 19963064 19969431 20002075 20070375 20074060 20104663 20189363 20207604 20235818 20290332 20389088 20419267 20439785 20450664 20467008 20489313 20548680 20559094 20574627 20608466 20636751 20726963 20753095 20756506 20760814 20822332 20877876 20930828 20934050 20974187 20983766 21018168 21046450 21065390 21074129 21079661 21108137 21202234 21244890 21253651 21337161 21346778 21356192 21382737 21464350 21485976 21510812 21537008 21545033 21623881 21654111 21672780 21746222 21754267 21811230 21856109 21871515 21974013 22046526 22049105 22119237 22193806 22219433 22231579 22242438 22253896 22264883 22315029 22315377 22363198 22367722 22370140 22518954 22545581 22559722 22570680 22592614 22604458 22700519 22733644 22766871 22793093 22807605 22832470 22833769 22879368 22892840 22899057 22945224 22995918 23062805 23065416 23112278 23139234 23194945 23277794 23292431 23298565 23311718 23328642 23328887 23351419 23382148 23420069 23437153 23440626 23445262 23487632 23493911 23494297 23522594 23534647 23656953 23684097 23758635 23773460 23791754 23817800 23820047 23845412 23905362 23919743 23945785 23975894 23984930 24009944 24016572 24085976 24198490 24201489 24226598 24228227 24234279 24321681 24372653 24403799 24412578 24462223 24485686 24509794 24516780 24519413 24527895 24596686 24662197 24696371 24751124 24769778 24776494 24816722 24818051 24850322 24861934 24896975 24897972 24899261 24906331 24942550 25050536 25063603 25082038 25116900 25144252 25147230 25151191 25154837 25194431 25226607 25253454 25263294 25330555 25336010 25460344 25472226 25597673 25632467 25642955 25664343 25675949 25688954 25696608 25727178 25746401 25783407 25789567 25797083 25895936 25903436 25911876 26020507 26067199 26164496 26203563 26204934 26223644 26264593 26276525 26281630 26293006 26312435 26363095 26433013 26450099 26467524 26476074 26491751 26506490 26510741 26525047 26528720 26547969 26558254 26609574 26661853 26770049 26773333 26806771 26828683 26846625 26862878 26866862 26874824 26901517 26906180 26906309 26936758 26943510 26954030 26958168 26968927 26986943 27009709 27024153 27047891 27049392 27064596 27081631 27116690 27141046 27188175 27239972 27265455 27297377 27409406 27410544 27439673 27469523 27482523 27519307 27539104 27653091 27656146 27706136 27779011 27781590 27803220 27831237 27832404 27902503 27961263 27974545 27978603 27990202 28116095 28179966 28210127 28216650 28252498 28258601 28295521 28311552 28312448 28316765 28362669 28410840 28419188 28450102 28540416 28689992 28759072 28777506 28782947 28949078 29055110 29126678 29188951 29193898 29220429 29229894 29292419 29361364 29376562 29400977 29405202 29448297 29495488 29497204 29536419 29538708 29553295 29567985 29579609 29601551 29638207 29694635 29701363 29712218 29847959 29870001 29901775 29908306 29924844 29934672 29942138 29969263 29981266 30093519 30095958 30145154 30228517 30262607 30278194 30324840 30330260 30372243 30376239 30444390 30470632 30471684 30498081 30553000 30618153 30657726 30710832 30729089 30755344 30804391 30809602 30907339 30937243 30978715 30986174 31022855 31053057 31074706 31102279 31163159 31205543 31224197 31302478 31355978 31375212 31380616 31382073 31391352 31428472 31457819 31501004 31511237 31522065 31622237 31627330 31760174 31785459 31795914 31796608 31797307 31821444 31858407 31902915 31931047 31951053 31982577 32002337 32011195 32057104 32061576 32063864 32064066 32067968 32112363 32243217 32318453 32342422 32368137 32403887 32406039 32438956 32456054 32458807 32461305 32495195 32504980 32569754 32612097 32645537 32656807 32663528 32769284 32778961 32822962 32842502 32869299 32923664 32933549 32958681 33016205 33067389 67544731 67558324 67572589 67576478 67595132 67626555 67644167 67704520 67765868 67768636 67813400 67836103 67905962 67992531 68048680 68113672 68130370 68169524 68172178 68194784 68260313 68296738 68319906 68539761 68555203 68561403 68566305 68574835 68611256 68613333 68744116 68834939 68860568 68895016 68902512 68971754 68980896 69023864 69090327 69109529 69151720 69189410 69272068 69277850 69295088 69367900 69370445 69501736 69573915 69632461 69650696 69726010 69780453 69795237 69796683 69804527 69816014 69834162 69834485 69877782 69903404 69928040 69968972 69977286 69994602 70011528 70116483 70127989 70196122 70216333 70221051 70271673 70318057 70425399 70470699 70482159 70502114 70664766 70684761 70761127 70761491 70827416 70830780 70831935 70838300 70865622 70879998 70911236 70912881 71000305 71009509 71036906 71184667 71196034 71208290 71270883 71289424 71299731 71304919 71368805 71386097 71452016 71488274 71499000 71518179 71526438 71545546 71573948 71573973 71581653 71601685 71651457 71726099 71729692 71751588 71763871 71771914 71814928 71831011 71867886 71870453 71885171 71903448 71917195 71930804 71970570 72053829 72063015 72080394 72092259 72129285 72277406 72296386 72296493 72296665 72299140 72373183 72500273 72535569 72593321 72613580 72628737 72667229 72678290 72735559 72740798 72768897 72838500 72841296 72911167 72925608 72928964 72948396 72956181 72966650 73028260 73040734 73060224 73061400 73164668 73209835 73224158 73288462 73312672 73327636 73387448 73495888 73529252 73578259 73580162 73580524 73592990 73618666 73638006 73676578 73705264 73726312 73734382 73792655 73798034 73811539 73821281 73832968 73872849 73882039 73902884 73919673 74108678 74111997 74115044 74153992 74192724 74247133 74267138 74283592 74423640 74446056 74482721 74516352 74520280 74532501 74532996 74598345 74599849 74631371 74636268 74658752 74695180 74784051 74784583 74784846 74798081 74812401 74812622 74825210 74836896 74852318 74911984 74935030 74940921 74994951 75017590 75018892 75027028 75033346 75078694 75104431 75112275 75137677 75148508 75168707 75213208 75222330 75227428 75234813 75258457 75343331 75386767 75391114 75394653 75413560 75426677 75473412 75475593 75479785 75499372 75517625 75524173 75554815 75560961 75573550 75591587 75600183 75665982 75672296 75724131 75740707 75743242 75752863 75779380 75787549 75879824 75887706 75911624 75941926 76035412 76147508 76180104 76186291 76195151 76253615 76295814 76307762 76327505 76385087 76402897 76419431 76462914 76529094 76549487 76551288 76601903 76688935 76699357 76717637 76762452 76773556 76778376 76831019 76853884 76919059 76955894 76978084 77007573 77016089 77022827 77035631 77118237 77140349 77190970 77206887 77222139 77300374 77335340 77400389 77485525 77501991 77529495 77558466 77564342 77565161 77587675 77593159 77602072 77621174 77624845 77652687 77730970 77737244 77805586 77845191 77886227 77891365 77899915 77919241 77924209 77966975 78079789 78090121 78090216 78100211 78146798 78172796 78185486 78212468 78252709 78257967 78262042 78308645 78309744 78342049 78358374 78401896 78446050 78452583 78500515 78503606 78546210 78557719 78575815 78607864 78615765 78669114 78674599 78675815 78679267 78700619 78786437 78786972 78798058 78831539 78848453 78870763 78878151 78921019 78929919 78934351 78981500 79000941 79059338 79086950 79123702 79191874 79211475 79214145 79322627 79349440 79364085 79440016 79454097 79471434 79474226 79495894 79500045 79517527 79537917 79589892 79591106 79598766 79606793 79635404 79652139 79720919 79750242 79775126 79781799 79858322 79901938 79902039 79926413 79952010 80017827 80025869 80044809 80118993 80181394 80193530 80207245 80246684 80254915 80264259 80330609 80411013 80421890 80492499 80515759 80529544 80532373 80544863 80557386 80651366 80678922 80702220 80702298 80727920 80762237 80768926 80791428 80826042 80909658 80916686 80938867 81051459 81058879 81080305 81218990 81263150 81271233 81287679 81311863 81324683 81387887 81454527 81478270 81509904 81536298 81543262 81692109 81787666 81815086 81859181 81955566 81976539 81988424 82003146 82018134 82023891 82024204 82034142 82040356 82067743 82209086 82281386 82316370 82339259 82353863 82372245 82404046 82412295 82417285 82433762 82487565 82628773 82746933 82757514 82847475 82865501 82920242 82926507 82929619 82960157 82981020 83074501 83182475 83198212 83203735 83230579 83243243 83311604 83368823 83396038 83420705 83446417 83478251 83490382 83523346 83534131 83549066 83585475 83672681 83744457 83756347 83771039 83888433 83924306 83938668 83980976 83991010 84068863 84136238 84163367 84190915 84216242 84229852 84326446 84354748 84354869 84370079 84373526 84405357 84442666 84525019 84569003 84624385 84686457 84757100 84802740 84804009 84829462 84858979 84860571 84881165 84898718 84907752 84918179 84963380 84965846 84982489 84995451 85014283 85026731 85033488 85060431 85093614 85149841 85161377 85193986 85197741 85198746 85208707 85269650 85303833 85380199 85405818 85460868 85467032 85472793 85477260 85480426 85493891 85504102 85506297 85509402 85537921 85564722 85567608 85579107 85663936 85745725 85795261 85842304 85873235 85883296 85884149 86080191 86120496 86143034 86153117 86217324 86219378 86227680 86229945 86241518 86257228 86267217 86319253 86344705 86404774 86436275 86465816 86542940 86611012 86627180 86737056 86771292 86815377 86851415 86887692 86933428 87067926 87079525 87090895 87195089 87264327 87307312 87375814 87376460 87378627 87397865 87472738 87474927 87485047 87497988 87515421 87553534 87625742 87646451 87657136 87688407 87704844 87763481 87784365 87788097 87791161 87820084 87862143 87883325 87909214 87958628 88022063 88053958 88066091 88077335 88085517 88097939 88106856 88126970 88139866 88164072 88166714 88183227 88184931 88206004 88252886 88284374 88324326 88398321 88436121 88441793 88456160 88483703 88653835 88678871 88698115 88718400 88752920 88861744 88868114 88892588 88903620 89005828 89050211 89082077 89146261 89161688 89189824 89189923 89351079 89354642 89375526 89379388 89406859 89423769 89426993 89449779 89478985 89483047 89548066 89652641 89658080 89668213 89702245 89736437 89773898 89806275 89808394 89816479 89841329 89942224 89977360 89993577 90004450 90006286 90036269 90048228 90183068 90255112 90256600 90272802 90275903 90346890 90405922 90441078 90489894 90525022 90559046 90589940 90593306 90595058 90645613 90686028 90704745 90709965 90767550 90790990 90847668 90852104 90858344 90884972 90982641 90983772 91006562 91014564 91021152 91026776 91032410 91072604 91125451 91143236 91160319 91180349 91199527 91220029 91238467 91285269 91311335 91387561 91428868 91488370 91518014 91525594 91579108 91618523 91717473 91760043 91811990 91817780 91853964 91896698 91903109 91906970 91930134 91941653 91975504 92030877 92086105 92096457 92129874 92157061 92186922 92199353 92203992 92206738 92292494 92305598 92328041 92433022 92437215 92447952 92456005 92549755 92642475 92661470 92671264 92711439 92718245 92742841 92780470 92840276 92843261 92910207 92971364 92986452 93005982 93029674 93097046 93135602 93163668 93170706 93208250 93211140 93250213 93272421 93286468 93296488 93311037 93376535 93385869 93471040 93471909 93475337 93486402 93516113 93534244 93558561 93572388 93598914 93637558 93669022 93681640 93684538 93786179 93793891 93800989 93813210 93871682 93891784 93931957 93945048 93959487 93971746 93990004 94008069 94029808 94032022 94055638 94079731 94122328 94153032 94181744 94182649 94188318 94306371 94312850 94353862 94416871 94494388 94529315 94550635 94587187 94595119 94647634 94657440 94719338 94748908 94749312 94772681 94786749 94819735 94833233 94840302 94861132 94880409 94892167 94914454 94981840 95014893 95066259 95070524 95085461 95089866 95107943 95138806 95140741 95247698 95263667 95279964 95283735 95328876 95354816 95401382 95415878 95417800 95426879 95441180 95483616 95507706 95579070 95579484 95581234 95619366 95620429 95627855 95704996 95705214 95712729 95780971 95816183 95817795 95818645 95851559 95926546 95965791 95998314 96054976 96145104 96153791 96228990 96230402 96299197 96356586 96413505 96456762 96457872 96468490 96473979 96504085 96556878 96575821 96596977 96639471 96646406 96662876 96689362 96712904 96836666 96838131 96860393 96956209 96980380 97040112 97052688 97124146 97124863 97173984 97179870 97204060 97213811 97220455 97223567 97256817 97271745 97276166 97327552 97357310 97381379 97400772 97411229 97415137 97419168 97426651 97429037 97479068 97528297 97637653 97720487 97729558 97740313 97781273 97856632 97907690 97909737 97964641 98066565 98075355 98079958 98086388 98098404 98286102 98320742 98385515 98385896 98386030 98436210 98446560 98468759 98479869 98502751 98522460 98539046 98549174 98570334 98578564 98616162 98725045 98758911 98774450 98779037 98855826 98890439 98899133 98949430 98957063 98986282 99000345 99000765 99018444 99034834 99042048 99275534 99317754 99376815 99402622 99411916 99447305 99472560 99512527 99560058 99718421 99728111 