50
18 5
19 19
54 92
60 84
77 90
40 89
21 98
89 96
35 54
89 9
51 68
56 85
86 50
46 14
10 19
13 13
98 55
47 87
11 44
18 8
46 97
16 159
177 222
179 44
54 284
138 36
3 282
62 203
34 327
32 48
18 135
86 117
14 344
166 323
114 271
71 285
42 178
54 78
15 2
79 69
47 39
51 100
79 94
75 92
85 22
94 88
96 11
71 84
63 56
17 67
16 98
80 15
37 8
43 93
8 6
2 154
112 42
82 79
62 69
86 218
34 216
95 231
7 2
10 6
13 69
5 55
84 13
46 69
3 61
38 81
39 8
64 66
20 86
88 72
10 1
91 75
64 148
132 173
112 304
84 183
85 217
71 55
150 279
149 55
111 208
8 9
91 39
80 8
80 1
20 5
20 73
49 94
32 20
26 78
4 5
86 179
113 64
111 46
9 194
7 5
75 19
6 36
38 12
19 71
21 29
13 99
31 30
8 4
143 192
18 94
129 57
68 41
52 131
16 23
98 12
140 71
15 14
88 78
74 64
92 49
35 65
97 44
39 16
81 1
55 89
68 37
8 51
88 76
7 87
26 6
83 95
97 42
6 7
123 11
29 74
73 93
112 187
40 232
134 72
4 11
63 57
51 78
62 79
64 20
17 7
113 316
153 158
129 189
95 314
98 268
115 56
111 260
55 151
83 251
54 309
106 152
73 195
28 229
128 222
80 280
23 136
30 254
9 3
74 22
69 82
53 76
89 5
100 99
48 45
6 18
56 43
36 49
12 5
53 322
72 240
163 8
41 171
102 222
103 240
162 98
48 166
85 116
34 203
81 31
99 285
19 3
63 75
63 16
10 30
92 60
13 4
61 93
61 53
93 18
33 36
60 87
51 11
37 85
41 61
91 27
4 9
17 77
76 43
12 11
77 18
11 1
96 257
95 212
57 154
10 132
165 295
107 47
96 253
136 269
124 45
71 314
121 227
8 11
78 29
55 83
70 17
82 3
11 59
87 22
27 15
1 57
3 4
11 1
128 7
138 98
7 8
63 89
54 79
100 5
75 24
7 99
64 1
1 63
5 5
5 91
92 272
143 234
83 263
1 331
17 9
33 45
66 2
26 99
70 60
17 85
21 4
30 39
56 10
100 6
47 14
15 64
87 16
13 71
24 42
61 47
9 69
34 96
14 8
172 40
94 165
156 17
11 326
43 139
165 274
161 347
153 159
95 42
94 8
168 348
124 68
160 348
167 308
19 1
82 52
74 22
63 18
20 87
21 61
10 12
58 33
44 61
59 5
93 26
53 91
62 33
33 49
49 67
29 60
79 72
18 7
87 22
93 26
19 10
26 91
17 142
38 194
60 127
25 240
91 243
103 95
118 200
99 34
77 283
131 106
68 246
59 128
93 38
92 121
141 189
72 197
50 125
128 143
10 1
52 52
34 55
56 32
30 98
1 42
41 47
67 31
54 76
69 98
43 3
16 9
123 39
140 228
51 121
92 145
94 249
144 28
48 231
156 86
149 185
45 76
155 60
113 148
58 264
96 157
62 14
154 117
19 14
10 80
62 16
93 6
27 72
65 34
23 87
53 93
58 18
95 86
82 43
35 30
31 30
11 38
23 22
80 66
23 96
71 57
45 4
6 61
9 2
65 213
52 271
30 279
21 69
47 150
87 131
49 72
97 18
83 136
7 5
49 61
55 76
65 60
40 97
41 13
96 70
87 77
4 9
131 128
67 151
71 236
39 267
20 1
34 49
36 10
43 28
80 75
84 16
43 64
69 99
66 77
37 7
94 65
48 4
45 25
52 13
4 90
97 98
26 84
79 53
34 42
8 16
47 83
14 10
110 110
67 273
133 339
158 273
11 190
61 83
80 352
88 129
40 311
50 11
173 149
114 72
31 1
77 19
5 2
80 85
89 2
61 27
99 45
22 44
8 2
128 287
102 245
60 67
54 206
147 21
106 151
72 96
111 238
14 3
24 40
43 96
36 31
22 93
13 87
10 36
21 92
48 2
18 86
53 38
60 70
69 45
92 34
2 72
20 9
91 182
35 200
135 158
161 185
100 225
10 237
5 171
12 331
132 218
50 158
52 182
6 208
52 170
90 1
89 286
64 84
124 200
111 67
2 141
91 86
11 1
47 31
89 16
29 52
51 64
46 49
71 70
59 73
63 66
13 60
74 61
65 34
20 2
5 13
8 6
19 4
15 8
17 9
9 11
5 12
15 11
3 17
11 4
13 17
10 5
12 7
11 15
14 1
15 100
5 100
15 100
5 100
5 100
20 8
1 20
16 14
16 12
5 10
16 16
2 11
16 3
10 5
2 19
9 11
18 19
16 14
16 19
18 20
3 19
16 100
9 100
12 100
12 100
14 100
20 1
16 17
10 20
18 4
13 11
13 16
18 9
3 9
9 10
9 8
1 10
15 18
6 1
9 10
8 8
7 6
18 100
3 100
19 100
5 100
4 100
20 4
15 6
9 10
1 15
18 6
16 11
12 12
3 10
8 4
11 8
17 10
5 20
2 19
8 9
10 6
18 20
18 100
17 100
12 100
2 100
10 100
20 3
20 8
15 7
10 14
5 5
14 5
16 16
9 10
15 16
20 5
2 15
20 14
8 20
9 11
13 18
19 10
20 100
20 100
4 100
4 100
19 100
20 8
3 18
3 4
5 4
7 14
12 14
19 15
11 9
5 20
14 7
7 1
18 5
7 18
8 13
3 2
10 7
18 100
2 100
8 100
5 100
13 100
20 4
5 8
7 10
4 6
19 20
6 10
4 13
8 19
16 5
13 7
2 1
14 5
7 2
2 12
16 8
14 2
4 100
1 100
18 100
9 100
1 100
1000 4
1 6
1 4
7 5
5 9
3 11
1 6
8 12
4 4
1 11
4 11
4 5
7 8
3 10
3 11
3 8
5 7
6 2
5 3
2 3
5 2
4 4
2 3
2 1
5 12
8 7
6 2
4 1
6 7
7 10
1 2
5 3
3 12
8 8
8 5
6 5
8 4
7 11
8 3
7 5
3 7
3 11
3 7
7 1
8 11
4 9
4 2
1 12
1 11
1 2
3 7
8 3
4 10
8 2
1 6
1 5
2 1
1 6
7 12
6 6
3 4
8 9
8 7
8 12
4 9
6 9
8 8
7 3
5 4
7 3
5 12
2 11
7 2
3 1
5 1
4 1
8 4
6 7
6 11
7 8
2 11
2 1
6 3
7 8
1 4
7 8
7 2
7 7
3 7
6 7
6 3
3 3
7 2
7 2
4 3
7 10
5 5
8 3
7 1
3 10
8 6
6 7
8 8
2 3
6 7
7 7
2 2
1 10
4 6
1 11
4 9
1 8
4 12
3 12
7 1
6 7
7 7
7 9
8 1
7 6
1 8
6 7
3 7
8 11
1 7
4 12
3 10
5 2
6 6
2 1
2 8
5 6
7 1
5 4
3 3
4 5
5 9
8 8
7 1
3 8
3 3
3 7
1 4
4 8
8 5
7 6
3 3
1 3
1 6
5 3
1 5
2 5
8 1
7 1
5 4
3 1
3 5
8 6
4 1
5 9
5 7
8 1
6 6
6 10
1 4
6 1
2 11
5 5
8 5
5 11
7 8
5 9
6 8
8 11
6 5
4 3
4 10
8 12
8 4
3 9
5 11
3 1
6 8
6 3
5 9
3 8
5 9
4 8
8 2
4 11
5 9
7 9
5 5
2 10
1 5
5 9
1 6
5 2
1 9
7 7
6 11
8 2
4 8
1 7
4 6
4 6
1 10
7 7
4 6
3 5
2 9
8 9
7 9
2 8
6 9
8 3
4 11
8 5
5 11
8 11
1 11
6 5
6 5
1 12
5 7
8 12
4 4
2 7
7 9
1 11
8 5
3 3
1 2
3 12
2 7
5 8
5 3
2 5
4 3
8 3
4 11
2 4
7 8
1 9
7 8
6 7
2 9
5 9
8 5
6 12
2 11
6 12
3 5
6 6
6 3
3 10
7 6
8 9
8 7
3 3
4 7
7 6
8 4
2 1
3 9
2 9
1 9
7 12
8 3
6 4
6 7
5 9
2 2
5 2
1 12
1 5
4 7
2 9
6 4
1 12
3 4
1 11
1 9
8 2
6 9
2 10
4 11
5 4
6 4
2 1
5 8
4 3
1 10
3 12
4 4
1 3
5 4
3 4
2 6
6 12
3 1
3 4
8 1
1 1
1 3
1 6
6 4
5 5
6 8
3 11
2 1
3 3
4 10
5 11
2 4
1 7
8 5
1 10
8 9
3 1
8 11
3 10
7 12
1 11
7 6
2 5
6 5
5 1
2 1
1 6
7 2
3 8
2 2
5 4
6 5
1 4
7 11
1 12
3 10
4 10
6 2
6 5
3 6
1 10
6 2
1 2
8 2
2 9
4 9
2 1
2 11
7 12
7 2
1 8
1 11
7 10
7 3
4 12
6 4
1 5
1 7
8 4
1 4
6 1
5 12
8 1
6 7
8 6
6 8
4 8
3 1
6 8
4 10
3 2
8 2
6 7
2 5
8 2
1 3
6 5
7 6
2 9
3 1
8 10
8 11
5 10
8 10
7 7
5 12
7 7
2 2
6 11
3 12
4 4
4 9
7 2
5 3
5 7
7 4
3 8
2 9
4 11
2 7
6 11
3 1
2 9
2 1
8 8
5 3
5 8
4 6
4 2
3 12
8 8
6 5
1 1
7 8
2 2
5 3
4 4
2 5
5 5
8 7
7 5
1 11
8 1
1 4
5 6
7 5
8 10
1 9
6 12
5 10
3 1
4 3
2 6
8 5
1 8
4 10
8 5
7 1
2 3
5 3
5 7
5 9
7 12
5 8
6 5
8 2
3 7
2 9
7 2
1 8
1 7
5 8
4 7
4 6
2 7
2 3
5 3
1 12
6 11
3 11
6 3
2 3
7 6
6 3
7 1
8 5
6 8
6 4
2 3
4 11
1 8
1 7
7 10
7 8
6 10
5 12
3 7
2 8
5 1
2 2
1 4
4 4
8 4
6 12
1 3
1 4
3 11
8 8
1 8
6 7
3 12
5 4
2 9
6 4
1 7
8 1
7 10
8 4
8 9
7 9
2 1
2 11
2 4
4 10
6 12
4 12
4 5
2 4
5 5
6 3
2 1
5 9
8 4
5 10
2 7
1 11
8 10
3 8
8 7
4 5
6 9
7 1
5 12
1 3
3 3
7 1
4 5
8 4
5 5
3 6
7 10
4 8
1 7
2 6
1 10
7 1
5 12
4 6
1 4
7 11
5 4
1 10
4 10
8 7
5 7
5 2
5 5
7 6
5 8
6 5
1 5
3 11
2 6
7 5
1 10
4 5
1 12
4 12
1 1
7 3
7 4
3 11
2 11
8 1
2 1
3 6
3 2
7 7
7 10
7 8
1 11
6 7
1 5
7 9
4 8
2 5
3 9
1 3
7 8
2 1
5 5
5 6
3 4
5 12
4 9
5 12
1 11
8 12
3 3
2 1
5 10
8 2
6 8
4 4
4 11
5 8
4 10
3 8
3 11
4 9
6 5
4 5
3 1
6 12
1 9
1 4
6 2
7 2
3 11
5 10
5 3
2 3
5 10
1 11
4 3
2 2
3 3
2 3
3 11
1 5
6 11
6 8
2 3
4 3
8 12
6 3
6 2
1 1
8 9
3 12
7 12
4 8
4 7
1 11
7 9
1 5
1 10
7 8
2 11
4 9
1 4
2 10
6 12
2 6
6 3
2 12
5 7
2 6
4 1
5 9
4 5
5 12
2 1
6 8
8 11
5 5
7 11
3 3
1 3
6 2
1 11
2 12
5 5
5 2
2 6
5 8
5 4
3 6
2 6
8 7
8 4
2 8
2 9
8 9
1 3
7 12
4 8
7 3
2 5
7 7
3 6
6 10
5 5
4 7
3 11
6 1
6 6
1 6
3 5
3 3
4 10
7 11
5 8
1 4
4 8
2 9
1 11
2 5
2 4
8 2
3 1
3 1
5 1
4 10
7 6
7 5
2 11
4 3
6 6
2 3
7 2
3 9
1 11
8 12
2 3
6 6
4 12
8 5
7 3
6 9
8 9
8 11
3 8
3 7
3 6
6 12
6 1
1 1
4 7
8 8
4 8
5 7
5 9
2 10
3 1
7 2
7 4
6 7
6 4
3 12
4 1
6 9
1 9
1 4
7 9
7 12
8 4
3 10
1 7
2 7
6 2
5 12
6 2
4 9
2 9
6 10
8 4
6 5
3 10
5 9
2 10
6 11
2 7
4 7
7 4
5 3
2 8
1 12
3 2
5 3
8 9
7 12
1 10
1 6
4 2
8 10
3 8
7 1
8 3
5 4
1 11
4 7
8 12
6 11
7 5
3 12
7 12
7 8
8 11
7 5
7 1
6 1
3 1
6 3
2 12
1 1
3 11
1 6
2 1
8 6
5 11
5 4
7 8
2 7
8 3
1 9
8 12
6 7
8 9
1 9
8 11
7 3
7 2
3 5
5 12
5 6
3 5
6 12
5 8
6 7
7 3
6 3
7 11
8 12
7 5
6 11
1 4
7 5
8 7
1 7
5 9
3 5
2 9
4 6
2 8
1 5
1 6
2 9
2 1
2 3
1 5
6 4
5 1
3 8
5 11
1 10
6 5
4 10
4 11
8 11
1 1
3 7
3 7
7 9
3 11
4 2
7 5
2 7
5 8
3 5
1 11
4 3
5 10
7 12
4 1
5 12
3 1
4 8
1 9
1 7
2 4
8 9
2 9
8 9
3 12
1 12
4 3
6 12
2 12
1 4
3 3
3 2
1 10
6 7
7 3
4 1
1 7
8 3
4 3
5 11
2 10
5 1
2 7
7 10
2 5
2 1
8 12
6 8
8 10
3 12
4 10
5 6
1 9
8 8
5 5
1 12
5 12
2 8
3 2
5 4
7 2
3 2
2 3
2 11
5 10
2 7
7 6
8 4
7 10
4 7
5 9
6 5
2 3
6 1
1 6
8 7
8 5
4 4
6 5
4 5
2 7
3 1
8 8
3 9
4 11
6 2
6 5
4 12
5 5
4 4
2 6
6 10
4 4
8 3
3 6
2 10
5 11
4 8
5 12
3 12
4 4
2 10
1 8
7 6
6 10
6 1
7 9
6 10
6 11
1 2
6 8
7 12
3 10
2 3
4 4
6 10
4 4
5 10
2 8
4 12
1 10
6 4
7 10
7 11
5 12
6 10
6 7
5 1
4 5
6 10
8 8
8 8
8 6
2 1
1 2
3 4
3 10
5 3
8 9
8 7
4 4
8 10
7 7
5 4
1 12
3 5
1 10
5 1
1000 4
1 6
8 8
3 11
5 6
7 1
3 8
1 11
4 8
3 2
5 7
3 12
2 11
7 8
1 12
8 7
7 9
1 1
8 2
6 9
4 5
1 10
8 9
2 7
8 3
4 8
5 2
1 3
7 8
6 9
6 9
6 11
1 2
1 5
8 5
6 3
7 6
8 5
3 10
7 1
5 11
1 12
4 3
5 11
2 3
5 12
1 5
7 4
2 9
5 11
8 2
3 3
3 1
5 5
6 11
7 6
2 11
7 12
6 7
8 6
4 7
6 11
8 4
1 11
3 12
3 3
4 12
7 4
3 6
2 12
8 1
6 1
7 7
8 2
2 5
1 7
7 7
6 4
4 3
4 2
2 11
1 2
2 3
6 3
5 11
6 12
5 1
8 10
5 1
7 5
4 10
3 10
7 6
2 7
6 8
4 11
5 4
4 5
1 5
7 9
2 1
2 10
8 6
5 9
1 11
7 9
2 5
5 5
5 7
5 2
5 1
6 5
3 10
2 7
7 2
7 12
1 3
3 3
3 8
2 4
7 4
5 5
3 6
7 1
4 12
2 6
7 2
4 6
2 12
6 9
2 4
2 6
5 8
3 7
2 6
2 4
1 9
4 10
3 10
3 5
2 12
6 10
2 9
5 5
2 8
5 9
4 4
4 3
6 5
6 5
8 1
4 2
5 9
6 10
4 7
5 3
2 12
2 12
4 4
1 11
3 4
3 1
1 10
4 12
6 11
6 7
8 7
4 11
2 7
7 12
1 6
4 3
2 9
4 9
2 10
5 7
3 10
3 11
6 12
2 4
2 9
7 2
8 9
2 4
8 7
1 4
1 9
1 5
2 7
6 7
5 3
6 11
6 2
8 11
2 11
6 9
4 2
2 3
3 10
7 6
4 9
3 2
4 12
7 6
6 11
2 1
3 7
8 3
8 1
8 8
5 10
5 10
8 4
5 5
3 4
8 3
1 6
5 9
3 1
7 3
2 9
8 1
4 2
2 2
1 12
5 4
7 3
1 12
2 7
2 4
3 2
2 1
8 1
2 3
6 1
6 6
6 5
5 9
5 10
1 11
6 12
7 10
6 2
6 8
6 1
8 5
4 9
5 8
7 9
5 9
2 12
8 7
4 4
6 12
7 5
6 9
8 2
3 5
4 5
2 7
1 6
8 7
7 7
5 8
3 1
2 9
3 8
5 4
3 10
6 2
3 5
8 5
3 3
8 5
1 7
7 4
2 4
8 3
5 11
4 10
3 5
1 12
2 12
4 7
3 12
6 12
1 10
2 1
6 8
3 6
5 1
4 3
4 3
3 5
7 7
4 12
4 11
5 6
8 4
5 12
7 12
1 6
7 2
4 11
5 11
2 12
3 3
2 11
2 10
1 1
2 2
6 4
2 4
1 12
5 3
2 1
7 4
1 4
3 4
6 3
7 4
8 7
7 2
2 6
7 3
8 1
8 7
4 1
4 2
8 2
7 5
5 9
8 9
6 8
4 5
6 9
4 11
4 3
2 2
7 2
3 11
7 11
8 8
1 9
1 11
2 12
3 11
8 9
4 8
2 1
1 10
6 5
6 4
5 5
3 10
5 3
4 7
5 8
3 12
7 12
1 6
6 11
1 2
6 5
1 9
7 12
6 10
6 5
6 7
8 9
6 2
4 3
8 7
3 5
4 9
3 1
5 2
1 7
1 4
2 12
2 5
1 2
1 11
6 9
6 3
2 9
2 1
8 11
8 6
1 7
2 9
5 2
6 6
8 3
4 11
1 11
8 12
2 3
2 3
3 4
5 10
6 12
1 4
8 3
5 1
1 1
8 6
1 8
2 12
1 3
1 6
3 8
8 2
6 7
8 2
2 12
7 7
3 8
2 9
1 9
2 12
7 12
4 1
2 10
1 12
6 7
8 3
4 4
1 4
2 10
1 2
3 4
5 1
6 5
5 2
4 11
2 6
5 5
7 1
5 8
8 1
3 8
3 7
4 10
4 2
8 11
1 1
5 1
7 12
5 1
6 10
1 1
2 3
4 7
8 9
4 4
4 6
6 5
8 5
1 12
7 6
7 1
8 2
1 1
8 12
4 1
6 10
5 3
8 11
4 3
2 10
1 6
1 11
3 11
5 5
3 2
6 3
2 8
8 11
8 9
7 12
1 12
1 4
1 7
3 8
3 11
8 12
8 4
3 11
2 2
5 3
1 3
8 2
4 5
3 10
1 1
7 3
2 11
2 2
2 11
2 4
6 6
6 11
8 7
5 8
8 3
3 5
3 9
4 3
3 9
4 8
8 12
6 2
4 8
7 8
4 4
8 1
1 1
5 7
5 10
7 5
5 9
3 6
8 1
5 10
2 6
4 12
5 2
1 5
1 8
5 10
1 9
3 2
4 4
1 8
2 12
7 6
4 7
2 8
2 2
7 10
4 6
3 5
6 5
7 2
8 5
3 2
8 11
1 2
2 5
8 11
6 8
7 1
1 11
6 7
2 3
2 10
5 10
3 6
5 12
1 7
1 9
2 9
3 11
3 2
8 6
6 10
8 10
5 3
3 9
8 1
3 9
5 9
6 10
3 4
8 6
8 3
5 11
1 1
8 2
8 11
1 2
5 9
8 11
4 12
2 12
7 6
1 2
6 10
5 2
7 6
5 4
3 9
7 10
2 8
3 4
5 7
4 4
7 8
2 1
3 9
8 2
5 3
7 12
1 5
3 4
5 5
1 5
5 6
5 11
3 7
3 8
7 3
4 4
4 10
3 8
3 12
2 11
5 11
4 6
1 11
7 2
3 9
4 3
1 5
5 11
5 4
2 4
1 6
6 9
7 10
1 12
8 12
3 8
7 6
3 5
7 3
8 1
1 6
6 1
4 7
5 4
3 1
4 5
5 4
5 3
7 12
1 8
7 2
7 7
2 2
5 8
5 1
8 7
7 10
1 3
3 11
6 4
6 6
2 12
1 12
8 12
3 9
5 11
2 2
1 7
2 3
8 12
1 7
4 10
4 1
8 12
7 2
4 8
8 3
7 5
3 7
1 3
3 4
7 2
5 2
6 2
4 9
1 4
5 6
8 7
4 8
3 10
8 3
6 4
8 12
5 7
5 3
5 7
5 3
6 7
2 3
8 9
8 2
5 4
5 3
7 5
6 1
3 9
3 8
7 1
3 10
1 12
1 7
4 7
3 12
3 5
7 7
3 10
3 8
3 7
2 11
3 9
7 2
1 8
5 5
5 9
7 12
7 9
5 1
8 12
8 7
3 11
1 6
6 3
3 3
5 3
4 7
1 1
3 7
2 3
6 5
5 6
2 7
1 2
5 11
2 9
6 6
5 6
3 4
5 6
3 5
4 9
4 7
4 11
4 10
5 7
8 10
3 12
4 2
1 3
3 10
5 9
1 3
2 11
4 5
1 9
8 6
4 2
2 5
3 11
1 11
5 11
5 1
5 7
6 10
5 6
3 3
4 1
4 5
4 12
5 11
6 9
8 6
6 12
7 3
2 12
5 8
6 6
4 11
7 1
5 11
1 8
7 2
1 4
1 12
1 6
5 8
4 12
5 12
8 7
3 3
6 6
6 8
2 5
3 2
4 3
3 4
7 10
4 12
2 12
6 7
8 12
5 8
4 7
1 9
4 1
6 8
1 12
6 5
6 8
2 8
5 5
8 7
1 6
4 11
5 9
5 12
8 11
7 1
7 9
8 1
7 6
4 6
4 7
5 7
6 1
6 5
7 10
3 3
3 11
4 1
2 8
2 4
5 7
4 2
2 2
6 5
1 5
8 1
8 6
6 11
8 4
3 3
3 7
5 11
2 3
5 11
4 5
2 1
4 5
7 1
7 7
5 3
6 10
8 4
1 7
1 3
3 11
3 1
1 8
7 9
5 11
3 7
8 5
4 2
8 5
3 6
6 12
5 2
2 3
2 11
7 9
3 4
8 11
6 2
7 7
4 12
2 4
7 7
1 9
5 5
7 7
3 4
8 10
5 5
4 4
6 11
6 10
8 6
4 8
2 10
3 6
8 3
6 3
5 7
1 7
1 3
4 1
8 10
5 7
2 2
6 5
3 5
7 10
5 12
4 11
7 1
3 5
8 7
1 7
2 11
1 1
2 5
8 9
4 6
2 6
1 2
8 8
3 8
7 3
1 1
2 2
2 6
2 11
1 1
4 2
8 10
3 7
5 1
6 1
3 10
6 5
3 3
3 4
7 2
8 8
2 9
5 7
6 3
1 5
4 10
3 12
3 4
7 11
4 10
6 1
3 9
8 12
1 10
7 10
8 10
7 1
5 8
7 8
8 1
6 10
6 7
1 1
3 11
6 3
7 3
1 2
4 9
5 8
4 3
6 5
7 9
1 12
4 12
3 5
2 6
7 11
2 8
7 12
4 5
7 11
2 12
2 2
7 12
2 9
8 8
6 8
2 2
1 12
5 5
1 5
3 4
6 1
1 6
3 3
6 7
5 8
8 10
2 11
6 8
1000 3
6 5
3 11
8 7
2 12
3 12
3 4
7 6
4 7
8 4
1 6
5 6
4 12
8 2
5 7
5 11
5 3
8 4
3 10
1 5
2 12
2 9
6 5
8 3
3 7
2 7
1 4
7 11
2 10
8 9
5 10
5 11
5 2
3 7
8 3
6 6
8 12
5 11
7 8
3 1
2 10
4 1
8 1
7 9
2 11
6 6
6 9
8 9
8 7
8 10
3 2
4 12
1 4
2 3
8 3
5 8
4 2
4 12
8 6
7 9
2 7
7 11
8 12
5 7
8 11
7 4
8 11
7 2
8 12
3 1
6 9
1 2
2 2
5 7
2 6
3 10
1 5
6 4
2 10
2 3
8 5
4 6
5 12
6 11
2 7
6 9
5 12
5 2
6 8
5 4
6 2
2 5
6 4
4 12
8 12
7 2
3 5
8 2
3 4
2 5
5 8
8 2
7 7
3 6
2 10
8 3
7 11
3 3
1 11
1 5
6 9
4 9
2 3
3 7
4 9
2 11
3 1
6 7
4 5
3 9
2 10
3 11
6 12
8 12
1 1
5 4
5 12
2 10
4 7
2 7
4 10
2 9
8 3
8 10
2 5
8 3
1 10
4 1
4 3
4 11
7 10
8 1
2 6
4 12
8 1
1 5
4 6
3 10
6 1
6 8
1 4
4 8
1 10
6 4
4 1
3 8
3 9
1 5
8 4
5 10
6 3
8 4
3 8
8 7
3 1
4 2
7 2
1 11
1 7
1 7
1 1
6 7
8 12
1 5
2 7
4 5
8 11
2 10
3 7
1 8
1 11
2 8
7 10
6 7
5 9
7 10
1 11
1 7
7 9
2 4
8 12
5 6
7 6
4 12
6 4
5 6
8 5
8 2
4 10
1 7
7 12
2 6
7 4
5 9
1 7
7 3
7 9
1 3
5 11
7 1
7 3
6 6
8 9
2 12
5 5
4 9
7 9
6 2
1 4
3 9
1 10
1 6
6 3
7 7
3 4
6 7
7 2
7 2
3 11
6 2
1 2
4 2
5 2
6 12
5 10
6 9
8 12
7 12
2 7
1 10
2 2
2 6
1 8
4 9
2 8
6 10
8 4
1 11
7 1
2 6
7 6
7 3
7 8
1 5
8 11
3 10
6 1
6 2
1 7
8 6
6 4
8 2
7 9
1 2
2 3
4 11
8 11
1 8
1 12
7 4
2 12
6 7
3 10
6 3
6 5
1 12
6 5
6 4
8 6
1 4
2 5
2 6
4 7
3 3
8 8
8 9
2 10
6 2
3 9
2 3
2 11
1 4
2 3
2 2
7 5
7 3
7 4
1 2
8 10
1 4
4 4
5 11
4 2
7 6
7 1
2 1
5 8
2 9
3 12
2 6
3 7
8 12
7 7
6 3
2 7
4 9
3 11
4 5
5 4
7 5
8 12
2 4
7 2
4 9
4 1
1 3
1 2
5 5
1 11
5 9
3 7
4 12
3 7
6 8
4 4
7 6
4 6
5 1
8 10
3 2
7 7
7 11
3 4
7 4
7 10
3 7
3 7
2 10
3 9
8 6
5 9
2 5
4 4
5 7
7 4
7 10
7 4
2 11
4 9
8 7
8 11
4 6
4 11
5 3
1 6
5 6
6 3
7 3
7 5
2 3
2 9
2 7
2 11
6 9
3 3
5 2
4 5
4 1
3 5
1 3
4 4
2 8
4 12
5 11
6 4
6 8
3 2
7 1
5 10
1 6
4 9
6 8
6 5
5 5
6 3
5 12
3 4
1 5
6 7
2 9
2 10
3 1
6 4
3 12
6 8
8 3
6 1
3 10
5 6
5 12
4 12
7 9
1 1
1 8
6 2
5 3
7 10
6 4
5 10
4 4
2 3
7 9
7 2
8 8
5 12
3 12
5 1
8 7
5 4
8 10
1 11
8 3
1 2
2 10
8 4
7 1
8 6
4 5
2 9
2 3
3 6
2 3
5 3
8 8
8 8
6 2
6 9
5 9
4 1
7 5
6 6
2 12
3 1
7 6
7 1
7 2
6 6
6 1
5 3
1 2
4 10
8 6
7 6
7 11
2 12
4 10
5 2
6 3
4 4
5 4
2 3
3 7
5 6
8 10
7 12
3 2
8 5
5 1
6 5
4 10
3 7
7 9
7 11
4 3
5 9
3 11
5 5
8 8
8 5
4 9
7 8
1 9
7 7
8 6
4 10
7 5
8 8
5 3
4 1
7 4
4 11
3 1
6 9
7 7
7 8
6 4
3 5
7 6
4 1
1 12
4 3
7 6
5 8
8 5
7 6
5 2
1 12
1 11
5 4
5 3
4 7
3 10
6 9
1 9
2 6
6 12
8 11
3 2
7 8
5 4
2 2
7 12
4 2
1 11
3 9
4 11
6 10
8 4
2 2
4 7
7 5
7 6
1 12
6 10
1 5
1 6
5 7
5 4
1 8
5 11
3 10
8 3
3 8
5 12
8 2
2 7
4 10
7 4
3 8
1 2
4 3
8 8
3 8
7 1
4 11
2 9
6 12
4 6
8 9
3 8
1 5
5 1
4 9
5 7
7 1
8 11
3 8
4 8
8 8
7 4
3 8
5 3
7 2
1 2
6 6
2 5
4 12
8 9
7 12
3 6
7 5
5 9
4 11
2 8
6 2
4 5
2 8
7 8
8 4
2 3
1 10
4 10
1 8
7 6
1 9
8 7
8 8
1 3
6 10
6 3
2 10
3 2
1 2
7 8
3 11
2 4
7 5
4 12
5 3
3 11
5 11
6 5
1 8
1 11
6 7
5 8
3 11
6 4
2 9
5 3
2 7
2 5
7 1
3 9
1 11
1 9
4 2
7 3
8 4
1 8
4 10
6 4
1 11
1 1
6 12
6 9
1 7
2 8
5 7
7 8
5 2
6 6
5 7
7 10
6 12
4 7
8 3
2 8
5 8
2 2
6 10
1 6
7 7
5 6
2 4
7 5
6 9
1 10
1 6
1 5
3 6
3 7
8 8
5 1
2 5
1 7
1 5
8 10
4 12
4 5
2 1
5 7
1 12
5 2
4 4
6 8
1 5
1 1
7 3
4 11
5 5
2 3
7 6
3 1
1 5
2 10
6 12
1 4
3 10
7 6
6 6
3 3
6 3
3 3
7 4
7 11
1 3
8 2
4 10
8 4
6 7
3 3
1 3
3 5
8 3
4 1
8 9
2 4
7 3
4 6
4 11
1 3
7 1
1 3
5 8
7 8
4 3
1 12
1 10
6 4
4 7
1 8
7 6
5 1
5 7
6 7
1 8
6 3
2 10
5 5
4 6
8 9
3 2
2 10
8 1
7 3
8 7
1 3
3 1
5 1
7 1
8 11
1 11
6 11
6 9
4 10
1 2
5 5
2 7
4 4
6 2
5 7
8 5
2 12
3 6
1 1
8 2
4 3
2 6
4 7
8 3
5 4
1 7
7 9
2 9
8 4
4 3
3 9
4 12
6 5
2 7
3 6
1 1
3 3
7 2
6 4
3 1
2 9
6 7
6 2
2 9
3 5
1 10
2 2
1 3
2 10
8 9
4 4
1 3
8 7
3 4
7 2
7 10
4 3
6 7
6 12
4 10
3 2
5 3
1 12
1 1
1 4
7 11
6 2
1 4
2 8
7 1
4 7
5 11
5 7
4 6
8 1
8 3
3 3
6 4
8 7
3 6
2 7
1 4
8 12
3 10
7 11
6 5
4 8
7 4
6 7
2 7
6 5
7 9
6 2
4 3
2 9
7 1
8 10
1 6
6 4
4 7
1 2
3 4
5 9
4 3
8 6
7 4
8 3
1 10
2 1
5 6
6 8
2 2
6 4
7 4
4 12
4 2
2 11
2 11
8 2
7 3
7 5
1 3
8 4
4 5
7 1
6 11
4 11
4 9
8 11
4 5
8 12
2 9
2 9
8 3
4 10
7 9
4 7
6 7
7 10
5 5
2 2
1 9
5 11
8 10
5 10
5 11
6 2
6 4
4 6
2 4
4 9
7 9
5 8
3 1
1 5
4 3
4 11
7 2
3 9
6 8
4 3
4 3
1 8
7 5
5 11
6 8
8 6
8 9
7 6
7 3
8 1
6 6
4 11
2 11
1 1
4 4
6 7
6 11
7 8
1 10
7 4
8 5
7 8
1 9
3 8
8 2
7 11
7 3
6 8
2 1
3 8
3 8
7 11
4 8
7 12
4 11
2 11
2 12
6 4
5 5
6 2
4 4
1 9
4 3
6 4
8 9
1 12
8 4
8 7
1 2
7 10
6 2
2 4
5 5
7 12
4 10
6 2
5 11
8 12
8 3
4 5
8 6
3 7
4 1
6 6
2 1
5 6
2 11
7 3
1 1
3 7
3 12
7 8
5 1
5 2
8 2
3 11
1 9
3 12
4 9
2 6
4 5
4 4
2 8
8 8
6 10
6 5
4 4
6 1
2 11
5 8
4 6
7 9
5 4
1000 2
4 3
1 5
2 8
4 9
7 2
5 1
5 4
7 4
4 2
6 8
1 5
1 12
4 2
6 8
8 11
8 3
7 8
1 3
1 4
3 2
4 1
1 5
6 2
6 1
2 6
3 5
3 6
7 1
5 7
3 9
2 11
2 11
7 5
8 7
5 3
5 2
8 1
8 12
5 10
4 3
1 2
5 4
3 2
5 6
2 3
4 3
3 6
2 1
5 8
2 12
5 9
2 8
8 6
7 2
1 3
8 6
8 1
6 7
7 11
3 7
2 4
5 10
5 10
3 6
5 6
1 8
1 9
3 11
7 3
2 10
6 8
6 7
1 7
6 2
2 12
8 11
1 5
8 5
6 8
5 8
1 1
7 8
2 8
5 1
3 2
1 7
6 1
7 11
6 2
3 6
1 4
3 5
1 7
2 9
7 7
3 4
3 12
3 2
6 12
7 2
1 4
5 6
6 10
1 11
6 2
3 4
7 4
1 5
4 8
6 10
6 10
4 1
3 1
1 10
8 12
1 1
2 11
5 7
7 12
6 8
5 3
3 1
6 12
7 7
2 1
5 4
1 2
3 11
2 9
6 3
2 4
7 2
6 4
5 3
8 8
6 3
2 2
1 12
1 6
4 7
6 1
7 10
4 8
3 1
6 3
2 6
5 12
4 9
3 6
6 4
5 2
2 5
5 3
4 5
1 12
6 8
6 9
4 3
7 8
8 4
6 6
7 9
2 11
1 1
4 1
1 3
8 5
2 2
2 3
3 2
4 4
1 6
3 3
4 9
6 4
4 6
5 8
7 1
3 12
5 2
7 6
8 3
1 5
1 4
1 2
6 6
8 9
6 8
6 3
6 11
3 2
4 3
5 5
7 11
4 9
6 3
5 6
3 8
7 11
1 12
1 4
2 8
2 8
2 5
8 2
8 7
7 1
3 2
4 2
2 3
5 5
1 2
6 7
8 2
2 3
3 1
5 12
7 9
3 12
5 2
7 4
1 5
3 4
3 9
6 4
7 2
8 5
4 7
6 9
5 3
3 7
8 5
7 6
5 9
1 10
6 8
5 3
6 12
3 1
2 3
1 5
5 4
6 4
7 1
7 7
2 7
8 11
3 12
2 5
5 11
7 5
4 12
1 4
3 3
6 12
5 8
7 6
5 6
5 7
7 9
8 6
2 4
5 2
3 9
8 3
4 5
5 7
1 8
2 10
2 7
1 12
7 8
6 1
7 1
8 9
1 12
3 5
2 12
2 6
1 11
5 6
8 8
5 6
3 1
6 12
3 12
3 2
6 9
2 5
4 5
6 8
7 8
2 2
4 9
8 1
8 10
6 8
7 5
4 9
8 12
6 11
3 6
4 9
7 12
4 1
1 3
5 11
6 4
2 3
7 4
6 12
6 3
2 4
4 12
8 6
8 12
3 7
7 8
7 3
7 7
7 11
5 4
7 8
5 11
6 7
7 4
1 7
2 3
6 8
1 1
1 7
7 5
4 3
1 9
8 6
3 10
5 9
2 4
3 10
7 5
7 8
6 7
8 5
5 3
1 2
6 6
1 2
7 10
3 3
6 12
2 2
6 5
4 10
3 1
4 2
4 4
2 12
5 11
4 12
4 5
1 5
8 11
6 10
4 9
3 6
2 9
6 3
3 5
2 2
2 6
3 8
5 9
4 8
5 12
2 10
5 11
2 7
4 2
7 11
3 6
8 2
1 11
5 2
2 10
5 6
8 8
8 2
4 2
5 8
2 7
6 12
5 8
3 12
1 9
3 7
2 12
2 10
4 11
2 6
2 11
6 1
6 1
7 1
3 11
6 8
1 2
3 8
6 2
4 10
5 9
1 3
2 8
4 6
6 11
5 7
4 5
1 11
4 11
2 10
2 8
4 8
2 7
1 9
3 12
5 5
4 7
4 4
5 12
3 9
5 2
2 4
3 12
3 2
3 1
8 11
4 12
4 12
4 8
8 10
1 4
6 6
8 7
1 1
3 9
3 8
6 2
6 9
4 11
3 10
7 12
2 1
7 5
8 8
1 11
8 8
3 10
8 5
7 12
6 6
1 9
4 7
6 2
6 6
8 11
8 7
8 5
7 9
8 6
2 7
7 1
3 12
3 12
4 7
3 8
6 8
5 4
1 9
8 11
8 12
2 7
2 12
4 2
8 12
6 12
3 4
1 2
1 3
2 4
4 8
7 6
2 6
3 3
1 9
3 11
5 2
5 10
8 8
7 6
4 11
6 2
1 6
6 5
7 6
6 9
5 12
3 5
4 12
3 11
4 11
5 7
2 4
1 10
1 5
8 1
5 7
8 8
5 1
6 10
4 5
6 7
8 2
2 7
1 2
7 8
1 1
5 4
3 1
2 4
7 5
5 4
4 5
3 7
2 6
6 11
4 3
7 7
2 1
4 2
3 6
6 10
3 1
5 1
6 2
5 11
3 7
5 11
7 12
6 12
6 5
7 10
3 5
2 12
7 6
7 9
5 12
2 3
2 7
4 9
4 5
5 11
2 6
1 7
5 3
3 4
2 10
7 6
6 8
3 5
4 8
1 9
2 10
8 1
5 6
2 1
2 9
3 3
6 2
8 1
4 2
2 12
7 1
3 8
5 10
1 2
3 7
7 3
1 7
1 6
8 1
8 7
8 6
2 5
3 7
8 11
1 2
2 2
1 2
7 8
5 10
3 1
1 2
4 6
4 7
2 6
3 7
1 1
8 7
2 2
5 8
6 6
2 1
7 9
4 12
5 3
7 12
6 6
2 2
5 4
4 1
8 2
1 8
3 10
8 12
3 2
4 5
4 8
1 6
3 6
3 10
2 7
1 12
3 10
6 8
2 3
6 6
7 5
8 3
7 1
1 1
6 7
4 6
4 7
4 8
5 1
6 8
2 11
3 8
4 4
5 4
4 8
8 10
4 2
5 5
4 10
6 10
1 10
7 10
4 4
6 4
1 4
6 6
7 4
2 5
5 8
8 9
6 9
2 11
1 6
6 9
1 8
7 2
1 4
8 7
7 3
3 12
5 12
2 11
2 7
2 2
5 2
3 2
2 1
2 11
2 2
3 9
5 6
3 3
2 2
8 9
5 11
1 8
2 6
8 9
1 9
6 4
5 1
7 8
1 6
2 4
4 9
5 5
8 8
4 11
3 11
8 8
8 6
5 2
5 7
4 7
1 9
4 1
5 7
1 1
6 10
4 8
4 1
1 11
7 4
4 4
8 1
7 2
4 5
3 3
3 1
7 2
1 2
3 6
8 10
8 9
8 7
5 5
8 5
4 7
2 7
7 10
4 5
7 1
3 12
1 12
3 3
3 12
5 8
4 11
7 9
3 7
5 8
3 3
4 2
3 2
5 8
6 5
8 12
8 2
6 6
5 10
1 7
4 3
6 2
4 8
4 2
5 8
5 4
2 5
4 3
2 4
7 6
1 4
1 5
5 11
7 12
2 10
1 6
3 11
2 5
8 11
4 2
6 5
6 8
8 1
7 1
1 4
5 4
8 4
7 10
3 2
3 10
2 2
5 5
3 12
2 1
2 9
2 11
3 8
4 3
3 4
8 3
4 8
2 11
5 9
7 12
8 4
5 5
6 7
7 10
7 11
5 12
2 6
1 3
7 11
1 6
4 1
3 5
2 1
6 4
7 6
6 12
6 8
7 11
5 9
8 7
8 12
3 9
3 8
6 5
4 10
4 6
6 11
3 9
7 2
2 9
6 7
6 3
8 10
7 10
6 12
5 7
7 5
1 10
4 6
2 12
7 8
7 8
2 2
2 2
3 12
8 3
2 2
3 3
1 5
3 8
7 8
7 3
1 5
5 5
3 4
6 5
7 4
7 8
5 10
2 11
8 11
6 3
4 9
2 9
4 8
4 2
1 3
5 8
4 4
5 1
2 4
8 1
7 12
2 6
3 5
3 4
4 4
3 1
8 5
1 8
2 4
8 2
2 9
7 1
6 5
7 9
6 7
4 12
5 11
2 1
5 1
8 4
3 11
2 2
4 2
8 12
8 6
8 10
4 4
4 9
7 11
7 5
6 2
5 2
6 3
4 3
2 3
4 11
1 8
5 8
1 4
2 4
3 3
8 1
2 4
5 2
1 2
4 10
6 11
6 8
7 9
7 9
6 11
8 6
1 12
7 6
3 12
7 4
7 3
7 1
2 3
2 2
1 10
3 9
7 8
1 2
6 7
6 6
4 12
2 7
2 9
6 7
4 5
7 6
2 11
2 1
2 10
3 12
6 5
4 2
8 6
5 10
6 10
4 8
2 4
4 6
4 3
6 6
7 4
7 5
2 9
8 8
3 10
3 3
4 8
8 5
1 11
6 10
1 4
5 7
7 3
3 9
8 6
6 1
8 5
6 7
5 3
4 6
7 6
7 1
5 10
8 2
4 3
2 12
4 3
4 3
1 6
7 5
1 10
1 2
5 9
1 4
3 4
1 2
4 12
3 11
6 11
7 2
8 7
1 1
