50
31 15772
541253 565355
143101 476143
751690 125662
880161 115156
193359 156014
266553 579191
974787 333562
477891 852557
143196 666626
893556 770289
72209 27126
882226 731408
862159 977294
148005 750392
154657 722035
739397 145158
647707 153937
46615 28309
582198 338055
752188 78141
911754 133352
793691 73857
233427 580639
82835 582759
799146 313849
697358 367628
423589 276553
125265 729234
66478 953730
26380 875340
468847 826108
10 83166
718153 2823311
1101608 2879979
788104 212205
1488985 1368262
321044 3148380
1117074 207295
119144 1871897
1090564 2299314
451106 1454104
1708449 2139392
25 91933
757419 950602
591042 898025
263000 269978
148451 491533
640393 504338
935578 678617
706394 452290
767743 95042
819972 301824
239537 119625
793337 17283
239819 30429
55448 191860
285631 292263
926953 702227
233432 998721
921866 74815
185484 341602
677586 705319
909686 799371
459272 675149
294664 92558
344160 10809
158820 975011
61091 196627
60 45343
271963 942144
1677239 3398645
429836 1372847
723455 1457111
314497 2892616
244319 1170687
1544933 2494861
1140558 1935260
1595011 2028484
1521019 373292
717009 1541661
1401851 1887133
1153997 2212165
1299032 2545646
1703414 3078782
545473 721162
416656 3463479
44362 3323835
669707 127954
456272 1568550
249010 2539849
853852 2801874
1375368 486816
11190 933998
766991 2520805
773325 311490
1407656 296225
1696483 1335720
1036683 3115163
326152 24437
993854 2932720
771549 496189
992159 563255
1142079 1180042
567848 1225393
248441 3333620
1595642 3282676
780994 154194
1622272 27867
647155 2889456
661850 2711765
563576 944087
830527 2506146
249608 3147294
223154 3228879
974070 3395851
107293 1968561
1077347 1510385
313110 621384
1304428 984878
1645000 817256
1637684 2275121
370871 2575729
1735742 2582119
1096840 2118586
743685 1996245
1402378 2853075
1340790 2552438
1719762 3352343
234144 2802346
77 142573
466372 180888
732578 313006
226254 186289
982088 197927
576158 318154
387857 746749
130247 180408
18415 1387
42022 522426
751065 958443
468149 284097
272687 982309
418434 914736
722022 33212
174034 100157
60975 100511
451777 638551
387967 452428
979059 197845
219138 308944
695799 279119
649412 152503
719554 700628
546448 658589
687822 356466
889056 454267
293494 539622
413083 780146
449042 909065
667166 535873
933923 52243
653981 476699
334678 369783
683722 967253
507920 521589
212848 433339
541734 554970
204560 993845
434733 543759
392956 92852
99289 987400
955440 943261
469494 126090
19688 399665
292488 391778
50584 871201
512359 83910
841189 680181
521185 611872
961103 258264
115920 436725
290362 903749
516547 379853
338366 649895
894424 141642
971305 641987
557487 83944
499417 932801
230279 572247
204375 778425
213691 579644
546952 268302
156920 375842
515272 420349
434544 581636
916728 727442
969953 871373
640781 254445
612853 531304
838107 619403
11171 569294
490799 742988
868295 290787
492700 886459
283752 428093
641169 9532
22516 144910
49 12369
1057105 2943173
1749592 976971
1155417 2823263
184515 3267954
847454 3463390
1443893 830848
835837 3316508
1575415 1603993
987619 2459769
1193962 1117972
884619 1052356
583064 874181
1584597 1729823
532925 2849948
1217833 1997125
846607 2701720
1505545 1563355
81561 1960232
1742567 1124232
41160 3161470
342450 1832187
1089493 3061360
145555 2498777
1655288 2908794
729349 216917
997090 1906818
1281349 1645888
295678 1927281
133973 1213213
923488 3092931
1327049 826909
434534 3480823
1041877 280968
425953 2826129
1045568 1262456
1282120 3388787
155233 2142111
1705518 1265231
1231146 1861860
1632646 503265
1743824 889588
349848 3175883
1696062 3347075
84765 332661
1652978 213253
576589 1269104
1760099 3129127
357356 2949722
1662334 1573126
27 66297
546590 131946
895203 67977
626681 328469
785330 543558
521023 635607
399987 123839
976967 852438
756704 139515
361476 726395
38173 191614
436014 761839
397987 876322
460962 168865
357001 905052
527332 241466
449943 884632
878737 569618
575226 461162
538969 306374
33629 365792
480617 901710
162229 29787
455893 50977
171309 424411
69541 517750
312179 78715
955104 913545
96 38411
374914 928563
13586 2679976
1270111 121038
433036 728475
256180 6385
1678924 2175040
867127 1309085
1248900 321700
1413769 2002388
1217622 3262786
215022 1250840
675489 482474
27568 2956775
209155 1489624
77521 3455683
553982 2418218
1510858 223471
36001 518521
738507 2249395
1655998 3307972
1469681 1003411
1642314 3428553
1211692 2759465
976743 3098517
1374435 2924969
1493278 1493857
277083 2185671
433407 1893535
228265 225466
926851 792709
550057 3038008
605447 3356448
998653 1752688
1084180 2729175
1628400 852242
790025 2019205
1645919 1323185
884064 2389004
279663 979587
482997 227165
734810 261869
375358 1784044
538610 1390786
456807 3461337
291924 1517705
489301 1354027
1563709 1144451
1117089 2118046
403336 1037571
748759 2577758
895893 708983
45842 110109
961394 3446314
1092015 1325215
1687095 76847
745960 3223619
309367 256630
357973 2867704
1139213 1430163
156620 2187189
1213130 2162747
578552 1571510
1704321 761694
975450 2894875
1229061 3333582
2238 3426469
1597017 1414327
505239 1751161
43818 506908
230425 3168599
686574 3397846
1119387 785185
122205 2651902
642467 1830258
1068858 485505
1399916 2980115
43079 852323
1213305 3151777
783078 1660613
1144775 532391
909513 603152
286779 3177995
1121363 3183723
684842 253761
1467977 822641
1531720 2312425
1258121 2170131
760875 1797409
1299643 211739
1426186 669267
1024788 167872
181269 684230
195536 972508
1140096 1396303
824827 2112869
531365 296649
9 155687
66175 846970
211462 716546
925394 869227
459048 840876
534232 97856
582522 270497
52509 365302
60502 557218
851138 322324
27 71564
833879 206545
37428 144501
534798 958618
1154536 1373412
898163 845526
524923 151321
1449026 433443
247156 1951374
171785 344173
1354634 1431977
78646 700164
1449144 2786389
1011912 1683335
752747 317294
200131 483040
354538 477001
525686 192049
501129 758805
454281 413191
344506 46809
446459 932919
388841 542221
795133 1276992
856755 1246427
751245 578050
1195588 2299942
1174162 608413
78 132138
123920 834710
116948 137747
255715 265438
924379 994043
157071 768322
493436 444353
598589 711093
202705 486364
802875 360268
388582 319441
462651 396019
101354 813141
902717 4388
195581 303552
212476 253080
275232 633811
330930 862940
512755 957461
749505 710016
201187 34117
621696 46550
309947 930031
56483 458103
496032 107958
695544 26570
199097 45063
531894 982593
146222 462236
832001 694767
354033 196084
898501 587272
381505 656220
802076 783255
9967 480413
268810 5007
26750 631147
197711 514632
563710 569707
71316 632395
764989 227724
487133 250484
547350 326931
138245 862179
720730 519523
510603 836842
583649 506704
610300 981474
721955 70706
984948 638577
529691 612134
314147 306891
930588 211369
951971 60407
263517 47175
919659 772247
960666 313438
658450 2177
892660 598045
102363 387273
967688 780438
832688 347728
718038 747612
241927 878900
895174 377091
722896 78515
5103 773315
623823 88203
470424 217688
685606 27602
706060 589805
967745 820734
748911 726411
125612 921820
94892 511032
434631 963706
773758 947557
210997 190273
955426 825826
27 27675
56429 1138897
1126519 2482819
1204454 2649090
446000 69263
1595 1161758
838002 17128
8323 2267907
33440 227227
1188126 1430776
598150 425295
837335 356986
39229 758308
1032 2595630
802291 1916940
1075667 971864
1386447 1189796
1241040 2312567
353637 1490405
244938 894403
1228586 2002687
1189655 1859270
1169384 2552659
1140881 377743
740059 617479
127432 1158061
133226 1024129
413863 1934977
13 52415
228983 612842
524045 989105
214475 287093
993379 577169
528443 39350
529770 481987
399571 26899
625052 850440
29729 954095
761302 363692
729583 729712
198505 263965
580419 675812
8 92333
936862 510366
702923 1052827
419639 1045395
991658 344997
63670 2471662
1457124 2184508
578333 783478
1240345 1864411
85 48307
931516 556356
800561 845025
735118 329968
897947 409185
525506 981306
876360 673789
119446 745053
871410 166564
838274 551724
816476 101768
699364 80747
175769 274216
408160 722245
186989 116628
238188 261728
585623 707005
438976 959745
523233 353382
381275 818182
238174 478327
212132 385782
536214 109814
13742 28010
130875 588076
189976 695590
780050 999613
77229 965468
306183 569583
788322 249103
395866 945223
384322 688650
588040 163229
77174 53235
367414 429927
291261 655887
466178 646221
937165 134871
804418 436743
501476 783697
224038 946434
103363 462864
694252 291938
364754 650170
262718 89611
342719 889633
116731 980125
783430 593660
518777 388246
781044 465686
384240 853495
816343 101066
980120 949501
529697 79152
368498 791103
301544 311
213399 199381
664044 729401
172932 216450
9604 731276
805576 559477
894694 218934
357358 217569
778477 612442
761098 445143
173593 250836
887722 652190
602182 574558
220337 815646
281855 527896
121319 592498
596297 322019
587828 958077
115669 526994
315836 655929
373707 401015
411720 144567
244115 89248
306671 419494
52433 619808
618477 223453
614244 895483
590372 548815
777540 552847
56291 82095
61537 647157
13 37006
1317689 571260
1013307 789270
538909 1385363
1505197 16979
636232 1697600
999750 1687924
628204 3002312
515388 2318504
1469263 2690761
870892 1365667
960444 1870259
1334301 1132374
1472983 539534
61 74596
997682 964226
842469 725591
585780 470037
192094 193922
598669 49149
953247 112721
377244 48819
756860 666195
12059 2232
668107 204145
882843 455648
462051 856344
975063 153563
686054 476066
781523 540957
79936 428843
149063 238852
923651 734741
277771 575425
691626 446850
455684 974037
297730 181571
42927 542690
340396 406140
799938 395699
925280 812236
713422 888117
765485 48703
114071 521428
858234 42540
867843 731985
2796 282958
370699 849481
868685 108812
521356 918827
749165 948502
206729 111984
236441 424169
974802 163553
147208 177477
744971 508446
214805 749727
274909 260936
605044 62913
667231 335906
403562 298553
89928 306378
143103 405389
316545 479196
988109 240353
605202 11364
688261 775427
587075 141684
646550 644502
109169 256956
724967 764041
95486 819724
8750 387809
230099 129217
708806 637731
478588 746161
95 91771
1625573 1882867
1703502 2900299
219470 3598518
528564 1367312
1282103 623844
359984 2330274
765136 2212722
35627 1506415
1784471 1784413
124073 2769133
1650032 1089948
1425330 1817822
467395 1728634
1631059 273945
382762 3399471
308058 1235509
97359 989870
739854 77232
701144 2594872
391829 3143559
1082402 3037487
1277742 1652730
1204744 518156
938338 329004
50194 156158
1271988 2589245
1566231 187849
1089712 2097262
457608 2699142
176843 2033355
403704 335182
1354279 3583198
560025 581155
1556862 414523
502006 2450161
153689 113451
645747 3400691
194540 2135538
1342539 3605177
1065841 287428
1674014 928247
758491 217805
135407 1197623
1460554 1433870
1689056 2054824
1512466 3435178
1604233 290087
1130471 39711
435725 3073979
732545 902502
882736 1706079
243669 2874387
1369958 741574
583741 2399271
602933 2634394
860839 485857
310495 1854062
83196 2702605
1191364 329759
205560 3163884
918280 1708117
1327583 1859493
801906 1963225
594964 1827130
193337 2319711
1457202 3137479
763155 21815
429460 2659100
1331718 1451835
716229 3505394
65650 1735139
608050 919135
526932 2599366
649702 2165740
248832 2478525
540001 2209722
215403 2725317
1086114 628379
1311547 3447825
1494527 98495
862047 198433
967889 1499061
451082 2677121
955418 3065674
1467347 2442223
1342144 474120
861722 3120368
525314 2340146
1047650 3567000
609261 2453940
1556171 2148461
1116341 3512509
1798520 970320
59131 1172806
281695 2454657
61 147215
912106 463614
48284 914661
248076 537949
893634 315570
130552 922119
668614 160811
48504 923579
499863 4779
967508 941461
70871 915530
291161 236058
166727 18388
432735 730418
879500 788532
617707 592718
778543 407613
880099 899497
991613 625475
873710 116700
959649 707320
75760 850494
613509 764549
948909 335834
571415 808355
581194 83740
383625 799098
715603 130131
215115 836574
158263 497273
177659 116825
172247 639964
570667 769973
343568 774564
560756 987154
873499 409473
313925 754413
681075 395251
265994 114264
871465 764742
994918 829887
935207 806087
627007 998587
878953 498552
421366 955195
288219 407359
798539 690634
68885 270209
519219 200194
564386 337836
787574 849408
948766 454218
536562 130252
144788 936763
326579 881921
141491 356326
731239 646531
576884 177468
981112 892667
214496 239213
115416 164309
874072 135008
87 50693
228471 3174073
461901 1270186
1055406 1460906
1527956 2193463
1561145 3083687
629822 2169037
1527117 2707738
1420758 1878441
52765 2405876
1636349 2944663
863422 2879795
1563421 285888
1155218 2275840
98728 815978
858977 872608
582184 1236463
1501864 603840
865184 2786517
1383344 1391793
80171 3223804
1014003 1499642
1246481 1422834
530832 3444106
823335 1752282
242396 2631152
393643 2223325
416902 831205
1353008 1608599
452513 1614647
1496421 59860
163610 1257591
821706 3328350
254904 2440578
336641 183080
928491 2381542
739696 296225
1343994 1632362
477604 2760097
805578 1490580
220377 1877250
1478392 3332810
1642576 1967943
946120 861757
1329041 908786
1275853 2575452
335426 2642497
1702924 3507352
116106 3426725
1524080 852822
1516630 1484873
25715 3070644
145378 726038
489741 1685282
1317391 2926293
824251 1907683
785350 1995114
1606375 273115
60656 259162
1592779 1980227
1639405 385606
1381708 3328468
275775 2164562
1043234 2157489
128775 1600453
979063 2497945
229590 1988976
357212 2068033
1223585 2225378
842637 2333381
88413 2898122
501671 1086983
1481544 1872224
932302 3329656
1619119 932642
969771 265267
1606782 2271117
1421669 314520
1575096 1963645
1730194 1004013
1291189 3331137
1281038 664471
1308921 737078
632156 280079
1380773 1548531
1410924 1046117
364941 2250946
352881 3033460
33 1647
738568 889934
137371 98201
953560 76808
841784 739079
91307 773356
807494 219112
39232 23714
84389 24610
420539 927628
541953 980951
951959 284537
537710 528455
212692 528907
353000 89117
843724 276329
628670 849324
325794 423109
199857 787996
71157 861150
9831 321933
275240 159217
54509 205512
908463 96373
370526 618224
215968 557743
519753 871345
186583 535467
283682 130998
67232 864849
516312 647986
768171 143994
912627 19008
884006 248461
54 29660
875559 338521
813197 2834549
1480630 1295690
289306 409870
746882 3015018
691545 2814270
251495 392470
1009978 1359387
1456968 2183803
210254 1481455
1256627 891393
808759 621234
273502 741004
906866 1949141
809314 120369
1359025 1088329
341901 1748954
1043058 332228
660421 2910536
1245166 2402222
122981 2259307
64649 1083985
488344 1801015
490347 470836
1166505 2034215
88248 198798
1163132 2572888
710454 1424543
1385134 2498870
192523 1517732
911528 1559065
225803 321839
450058 1171115
374552 2979314
1012501 50460
1493373 2772197
77946 1506864
613712 880586
1118215 1321483
327919 1861868
1143383 1907180
1148583 1065768
339925 2123563
84534 1163989
958470 1561144
767049 110351
851950 62576
498525 2336405
898602 418821
1463710 1152048
1405031 2618180
1292698 2899732
1173707 2165432
1471957 2696820
46 142530
634034 1441
364122 505160
870143 487341
73 370992
432034 783008
372054 692789
374184 660810
939848 471222
20424 147865
573183 360878
776887 135238
497247 210861
931410 13054
70877 53340
70338 898592
312587 362344
290816 631187
790196 638922
202880 364938
854931 475083
248141 762425
475964 260998
151061 352720
403400 162290
290396 703059
478526 528638
282130 545466
814130 798483
463236 418304
969440 682503
754282 141538
296534 681812
198403 856042
713547 511924
481327 385044
719558 744719
962166 330805
689920 701284
786216 538556
291204 355489
879505 336311
997702 733454
808642 960191
590674 226045
583918 788413
305013 44053
76 83394
1138796 656390
1254142 1602795
896189 1864018
802280 996692
451751 1358819
745651 2618672
172787 832428
1380850 1293850
662122 1423502
1194238 1735074
711350 2165436
768972 1590958
1044584 1381927
73503 1833123
324297 2538256
433141 2228640
556305 245869
37438 2834229
566567 2833592
636895 931599
1294065 196865
393730 2712499
543154 2037843
427992 2491194
111227 1322776
189631 2484825
824442 2494299
1354263 316553
68182 2640469
1049292 1769422
621086 1543253
910729 479974
1095730 266162
978691 2323377
1389815 2508793
880370 1993924
92504 575117
418345 1270304
736222 1584599
1275346 2330675
651900 2029750
47962 566228
955789 692904
435465 68603
780278 2346303
608026 2256186
607716 1224548
154158 1134595
342273 2592078
606272 1903297
901635 1854567
790215 1950903
1115433 1903466
458218 1957386
356919 354203
1435139 226253
182749 761016
783455 2698840
354026 368713
851894 593559
327425 517572
1093534 179570
1423304 147062
365288 1106638
515090 1533877
401127 646556
444465 1762204
60004 2875323
233653 1308679
1084970 2045601
1280137 1667743
909275 2627779
1378102 805344
752731 1571302
873146 692433
528380 984739
34 120412
784275 671465
116532 36239
992127 365381
836009 731668
171906 337182
84166 676471
612748 78530
131294 722204
811607 969788
686288 570309
772653 797911
173677 922786
133782 799958
627510 193047
682128 567219
16090 265748
895430 838442
739638 221283
496755 483677
812458 906803
542842 141786
870964 126934
808046 434815
224896 282923
728968 280922
763993 905871
354352 567659
978256 339572
189964 570004
495184 132707
851776 657864
438008 539888
62053 128767
924637 972531
98 20648
493661 1482981
1618297 796483
356848 2913225
146390 1816711
1539848 1190829
1236720 2885090
1417232 2009239
1067585 1847016
1131375 3160338
1506563 1597847
1504752 331282
768763 150956
234090 2296435
1007150 3288485
1644824 2441189
1032783 2908474
1282643 1576423
622847 1086991
55071 1168543
906796 2752857
718965 502756
1491506 235724
1365029 1289600
210625 1669644
763828 373180
1141054 1680411
1229467 701986
861255 164360
319233 3027265
1314618 1836563
1303234 1704924
998158 2328371
1253453 2764801
1679255 2880972
386907 2081877
816330 1060869
140971 1126049
1152899 704154
1531378 588730
679284 847889
219417 381361
491740 1928074
970384 2649389
448725 2989552
93653 168315
630263 2568497
583509 894032
1028840 810960
350794 276033
143227 953840
1505303 185992
1579887 2240961
1499891 3380353
797383 155426
209991 2651189
1145178 1639482
707688 1705033
499586 1016514
1310776 149884
348825 792859
557158 3368511
1609289 2495645
133026 1700451
1469523 526244
1662240 651352
483112 1572425
1008171 2415243
1590872 2224863
1239919 205855
28782 2585664
62135 649851
1433813 2880594
1474057 990520
1390597 289606
1047590 1950003
878681 2397648
821838 102418
798228 442096
505271 845109
22302 2848744
649319 1430082
181032 3104325
1269752 921029
867296 728001
1383520 292193
1053349 966837
710081 2761852
1439514 3113801
1660064 2493600
252249 3215039
851875 1038263
866696 715397
550354 1885336
1424821 781807
123347 2910060
522776 2451226
1511666 2463902
447206 682315
61 53487
91286 818287
533525 120783
828640 32394
746181 793305
389139 70062
28451 62403
1318 906746
649150 819255
496518 874729
325434 176101
25272 609593
810628 820885
925697 35437
728431 972285
933735 853631
110580 742292
101339 899607
590178 478063
195993 104644
250603 706705
695885 579158
213475 518792
377917 453982
589293 876475
858355 493704
528121 55129
190532 199945
337837 454840
382240 180752
880717 709790
990066 729078
497290 99837
47739 811173
101551 26381
136098 533930
136435 386555
898166 821217
57431 372246
847242 298821
217549 566777
674152 237115
157380 786688
638325 376038
671255 649663
23073 12949
71813 455903
499209 638706
582271 309431
188070 865368
680207 890261
481592 625767
217533 608958
998349 478453
810092 350739
658595 125941
665684 500463
338337 669090
293349 359339
540562 836558
8755 566735
192704 579743
15 7348
133197 1138450
1347939 629815
1462477 1418334
163869 1911566
974006 1985316
262665 3366734
1445006 3396283
1694377 2164567
672128 1375733
547141 978986
676772 1447138
1310417 2917317
462477 551763
52960 2930969
257743 6735
78 124026
902330 108463
679043 835832
985543 661185
247321 662603
102164 30345
866466 353837
204086 862443
945919 286120
310336 44311
779145 725381
245235 226957
688982 406628
790950 674243
637624 931103
447239 123952
883593 257235
923848 844191
776163 941498
46158 841839
647572 668767
210936 699115
595057 846138
228682 785862
138699 423503
510068 784497
659472 288722
520268 32045
871877 234072
963331 253078
684392 679805
820606 728236
542879 521863
22954 222043
11105 439367
610917 636984
338519 703574
761701 99308
293132 643077
581601 280949
304037 846663
477011 904579
42755 111226
207828 401841
247304 960105
978534 255758
964296 619149
525532 888220
416172 874813
898135 706012
443706 970140
495368 835887
450890 261266
596115 282065
482220 645448
797270 280424
483944 610864
506589 509192
192030 389771
209353 140915
441978 12641
332085 650731
622636 750109
787282 582231
79867 670757
427679 293525
846853 369810
273246 588866
316512 373779
443122 551947
551586 419659
876013 451528
832388 327407
905756 517770
466090 324281
759356 446922
899874 642264
971203 848327
833259 910492
51 21366
1468999 2562615
570722 929561
1320117 2319177
316051 1914677
731 1557857
1342323 2784430
742143 1068223
399597 44234
1488148 768825
1268029 2737801
1131217 540265
1047174 159663
41888 2033693
321614 2353991
1060145 2229809
1303192 1911048
1093129 2014181
503421 2502807
655629 2571635
1233958 1983144
1234288 1293210
1196730 879500
736839 839714
451399 1624541
1417009 695304
1332555 2458250
1279649 902673
1440026 1816083
326654 2359662
16844 281467
725202 1624083
1413276 566463
131049 1351115
1471918 2942871
1084513 1996701
1167184 2218736
515664 946735
619646 1812545
596252 2252812
1390069 1857854
891077 767419
225163 2514763
122862 780962
997837 2115594
1487620 771954
242340 2442610
879506 1504284
246703 222579
797901 938820
739537 1564087
1414133 1220993
66 26663
748138 489977
781949 497473
406204 884800
580668 649158
192564 389975
884719 203008
808162 789818
626846 549152
524669 377839
191841 947457
881226 849771
282320 658627
935208 902913
20670 821298
986704 27979
1083 789458
357997 830585
812837 750302
342488 358259
553490 410062
506486 117879
510050 937343
783841 197315
976633 690596
927615 487419
292607 901302
456492 603997
920417 596923
904961 866285
537554 908372
135978 124586
678088 185503
179197 949257
51189 565870
434916 381920
603506 997610
602412 478597
139908 207567
18849 994525
303830 740712
66993 880392
215551 191949
147254 576680
809970 759776
628383 193994
963245 476820
903099 55174
292848 567000
420453 76644
381194 717670
740991 509570
243857 402813
953299 275544
140291 302306
258242 415307
574834 934472
767824 840036
783515 152844
132466 665976
194592 308815
76121 856966
146310 399871
524855 688113
911696 32450
223710 678892
646619 208054
54 26506
241913 2310168
1043564 2600755
1180086 1227091
1292818 2138757
706607 1404985
311028 2424745
801107 24302
157135 2555496
409187 2061425
1298725 2205098
432478 2678735
784196 824249
1129176 2521697
101042 2687287
1295015 505554
586007 1121656
674084 4537
204465 1878227
1025668 513974
239864 1506853
1020065 1318347
248302 979849
821774 148717
1143902 1126956
1404678 1157507
228534 1395994
441966 2585066
1239434 2562616
520777 918754
461535 1508780
1012032 386844
1422408 1436538
994367 1088057
1322830 911161
1142459 551028
999907 2570152
409677 2427073
629203 2614313
821598 2306492
120381 270013
1109100 181792
1245239 1204692
1321819 2695291
746636 422294
1028843 2542246
537008 153142
1036475 2251117
1200881 2088926
437011 1949498
244612 1162031
434292 1922942
654579 574439
961500 622610
359932 2599518
64 75207
412647 32773
803940 246364
801127 628206
201576 211707
112861 688006
21204 535783
985692 277011
114236 386710
670017 863720
789670 430594
92775 512827
474639 224024
886292 974229
412608 734242
738824 147693
178138 166312
579197 861588
528889 943555
714354 614305
789114 800037
502541 793786
155552 78087
936870 809114
510480 850168
952404 240215
939433 114997
787647 964892
970818 518927
848040 16308
155739 793908
348758 498390
428362 479423
595190 166345
334080 17959
162340 992690
89279 655203
26312 335671
270272 445127
789930 390509
515926 27965
660276 971346
643284 836177
825643 217268
131612 21698
299406 135011
221146 825733
262580 691820
850713 409715
490417 642951
532569 295257
138747 779239
726982 362908
531920 550547
53275 797102
902509 485851
828065 800060
488520 63283
261093 541592
645464 562867
528085 498851
624731 878973
841707 220717
706490 643028
489425 424807
42 98355
1107031 2372827
1290206 1979805
1422452 2614535
1442760 2847064
342040 2276309
752373 1568671
1445953 938597
164736 357131
527198 1480325
39616 3147206
457694 380914
1508158 2344619
824120 75868
715236 409238
1243683 445627
292543 2061455
1519928 2791112
1034664 1402093
675266 2163404
1229415 1134169
1239287 1746250
744375 1576265
169942 1435457
473717 553947
632497 2964982
243316 2451080
195272 1359611
163711 1452567
1057046 592990
226951 1524175
499561 2000338
1516473 3089442
567344 1632952
533077 2056481
889280 403326
134718 208399
338895 945702
455640 1926450
661542 623297
1519475 2943819
94138 1061730
1229256 2327427
17 191636
391293 143743
253564 65442
353641 145712
171700 166482
818792 271994
929601 597975
267606 876855
795706 524134
475668 97127
732443 38415
554929 137089
60953 732033
425601 83082
653246 873730
827321 994681
886613 115205
693199 69528
27 19959
1590331 566221
372370 2510732
842443 2145210
1598611 2446692
4320 1177375
1311737 894607
776445 1683138
1503737 2763312
1316079 2464534
982952 2549397
1608466 1210633
1062853 1440803
893462 1924877
1437019 663271
1206170 2102926
372074 2059906
467443 559347
764479 2311893
1411060 1628229
225961 2226299
1181300 720981
1034146 1084316
1536258 2925839
518357 1432402
1133370 3269482
783175 3269021
128487 3266916
52 190923
935223 896298
926512 76550
828003 484755
880645 944626
826484 354472
344548 883654
705436 232939
268432 133112
711484 132350
849404 930143
422438 201180
179095 686282
178723 795941
794977 770102
392349 799756
468852 160841
698203 864812
515343 607003
687864 920482
386423 297043
977760 749509
43160 526590
970298 292891
398390 812155
202251 878551
828184 517789
4435 580839
683327 460295
807896 900554
278452 156734
142136 273640
463225 368209
930431 650595
933353 36776
246948 53681
831391 322510
30736 179101
439376 322756
763715 475778
280666 424288
847115 595255
230148 225725
919328 501845
1265 169212
333078 623452
542970 248899
137902 328925
481921 570920
96711 755893
242981 155243
418622 173396
999917 31336
42 5120
1333087 2125725
656221 182630
958899 825071
1481847 1068872
1661821 1673044
903551 2959411
1590866 2643927
563702 583666
402611 1306555
641025 542160
617376 695222
1279827 2954892
1659822 3052126
698291 2300340
232457 2888129
1746767 1480656
1592561 2994745
266991 2254587
814661 1922663
261939 3381355
35984 1054002
472530 415293
1284963 223064
978280 2725323
705735 2161048
1665681 2054992
114020 1427757
1273499 229800
150397 2260749
1096085 1886057
304547 135679
159846 94927
754876 250402
79204 2321139
608980 3494178
436120 1292990
1026186 786697
1649 262783
864225 1435433
1331084 2438228
674260 249983
1318643 1332739
51 41599
170407 76728
987839 995582
832448 96394
668208 358130
71357 954406
317532 989804
42651 165728
604530 705395
325092 781535
639132 789775
71358 229177
348154 37402
113128 38963
949155 894690
76854 673575
167840 99507
818766 175452
758871 734372
848860 451480
603323 239069
957210 577341
567066 421823
590448 99140
75034 628332
112370 795810
342398 213244
502884 442319
219629 269115
642876 245098
383349 607375
497766 436815
145792 472168
509113 140044
974074 154186
834418 495420
849242 352794
827307 612378
196603 835632
664831 896344
800706 869340
838584 780974
979226 361618
254283 656534
79658 738009
149113 339510
875533 69476
784274 595328
956813 401463
422944 298084
788619 9756
928114 434362
20 354
17609 5046
15373 8035
14126 13188
14040 6625
5554 8956
4851 9517
1771 9535
15806 12314
17123 17663
16116 9909
13562 5635
633 12387
15322 5559
6217 19949
10212 11942
7192 1000000
16041 1000000
17304 1000000
15141 1000000
7277 1000000
20 759
6065 3405
3709 8094
4936 11638
19462 8825
627 18781
7488 10333
18230 17836
11274 19737
2535 13168
8748 4766
8788 8088
5724 3369
5040 3343
15437 3040
9735 15037
16581 1000000
17601 1000000
981 1000000
10211 1000000
9222 1000000
20 56
2649 2876
5994 3015
3631 5255
16578 2198
12616 354
19229 5836
17745 14571
11595 8904
15402 4873
2978 9250
5331 10678
1674 15426
10317 7311
12531 2687
7510 3526
7779 1000000
3369 1000000
19937 1000000
1848 1000000
9470 1000000
20 489
9228 16503
17886 4070
12681 9624
13939 716
10205 19334
128 435
155 12315
14016 12517
131 12001
4082 8976
13429 16698
19847 2128
8662 9710
13949 12209
5790 219
11505 1000000
15792 1000000
1167 1000000
16737 1000000
13673 1000000
20 11
17493 4219
5140 14652
17581 5532
9834 19766
2616 2879
16959 4165
12741 11790
10060 1155
13148 1384
9813 1338
8461 19607
6976 9943
3015 19371
1709 6898
10028 8311
12177 1000000
18561 1000000
13232 1000000
9418 1000000
2342 1000000
20 407
17603 15157
4347 8062
6330 7455
17976 8198
14941 11266
1333 8818
12999 18277
926 2302
8204 10319
5161 11296
14352 15224
6668 2919
11133 12998
18153 15537
8560 17016
792 1000000
9013 1000000
9059 1000000
5829 1000000
9406 1000000
20 488
1304 3134
7655 2591
1147 7343
9971 18508
667 7681
2881 15082
10401 13932
19314 17602
16264 13302
3680 13513
3155 7867
11774 11734
9394 13804
10076 11877
16833 15452
7805 1000000
19339 1000000
781 1000000
11731 1000000
30 1000000
20 522
2598 1663
10655 1116
13147 7217
9073 11603
759 10101
19332 717
3870 18252
2541 2651
11375 11752
9406 1766
6221 7605
8016 11946
14458 15275
4077 18702
3933 750
18616 1000000
14403 1000000
2916 1000000
8031 1000000
12617 1000000
20 168
16500 2676
18855 16444
3019 14538
1334 8619
14222 19282
4377 10329
3207 17720
1875 14301
12089 12004
17050 17751
11856 17996
8376 16158
9173 2496
12601 6374
19706 13571
7684 1000000
11401 1000000
16401 1000000
1250 1000000
2183 1000000
1000 3527
365286 1162763
258523 412697
476726 132006
591022 1015839
343302 867507
523327 643909
594816 64127
618122 157001
163724 1126883
592236 478212
13017 49235
581442 816363
358822 1091116
223340 853802
737509 1162934
92476 1167486
726150 987922
62499 5915
721013 298636
738451 962242
28553 1156347
175668 471691
41992 782615
344832 419007
297717 479519
154844 795346
730030 279625
765742 907738
428142 540938
785939 1058857
169349 696478
422744 535576
237961 895454
654050 74999
285731 567638
86391 799867
718533 982818
240964 347392
7230 1014043
269037 1163821
96694 393680
240518 1061560
635131 252621
40351 673246
227192 506813
452271 740382
257787 758677
691891 660079
28066 241037
155463 429890
321204 654084
371572 741536
143799 522624
625240 625255
537474 660880
37172 454635
772333 1025598
282345 1088949
433426 179990
40824 748749
771222 60558
66385 330558
299927 467419
683427 723052
72433 347348
783880 603422
383437 609485
155914 636645
430219 436462
174993 501005
1371 716532
629229 661145
262404 241984
143248 402072
511341 444196
494940 855345
426680 475814
311433 1014389
97676 641932
139669 658542
129204 579389
10372 1143577
408190 907546
87602 19974
543791 1165488
274309 798819
431548 863388
450553 739203
480683 614612
104613 157536
345569 388242
795560 731559
112570 204981
685062 181294
422839 215196
585775 96325
781880 134719
744991 917226
143406 505093
534958 94194
77650 275125
222352 55324
721784 210315
223335 569955
43640 350581
16067 55923
284071 1079849
690037 1052101
146686 824678
481793 62794
82214 600507
791317 670445
738549 716089
651864 839130
51550 526532
93559 1073730
398327 368001
130345 642640
551842 209017
748459 1186132
97633 970795
22688 1087137
564859 355241
351037 238832
533367 1152385
718914 794551
425607 769010
161680 528103
412013 754344
570934 297490
37392 6490
695576 372064
604520 398068
494156 197357
198784 1185768
314478 601152
422412 763578
467926 709793
157131 33271
675046 559311
387266 72915
429480 679978
479397 328159
521995 122796
96053 637344
625816 448367
171684 1063699
503490 55673
444941 869795
158372 84747
779186 896336
475472 989057
720724 198642
598057 966580
84695 88459
417866 283333
273702 340642
187945 507416
141564 155148
74853 1009075
309216 1028831
774148 119298
513481 301716
595310 85550
134371 735370
626656 495667
715018 757714
325787 1074494
472304 670607
579952 602398
748450 969496
255493 401965
643667 1133083
619359 89799
388021 1061702
154105 285521
236486 956734
527809 1142389
226574 19081
691687 533241
555106 1107551
422425 47975
698369 725215
464508 460572
270523 1049788
330841 37414
15316 1026919
700843 537963
588196 540266
414176 370215
236525 635082
493979 1004271
357441 828733
190971 688846
654037 675640
276167 993752
649019 153121
93141 1073019
685394 734644
312276 40454
462614 571146
613686 383235
559511 991182
481431 663745
365959 683566
408459 1059089
14726 94584
154819 717356
639668 343556
149630 1141381
718141 335359
148179 595515
118947 494165
494730 483702
619722 442240
39857 28322
721407 1176117
377656 671969
346410 824207
691857 452218
790052 556586
624296 683384
553810 477548
726678 57521
777728 690070
41830 450301
747181 705319
616854 1088497
512288 617381
649298 850164
389272 105813
789939 56105
497328 361997
749981 1102175
496877 200140
59204 467912
164113 719303
475595 533361
612861 437889
315577 894
111598 312453
199494 633237
496141 599002
619867 287908
766555 53743
712035 483853
370388 427970
337565 1040261
637898 1012065
696607 600661
608854 271014
660924 418680
163182 772345
351452 253049
179094 1061425
625518 881288
405701 1112356
308871 351513
107784 874944
284506 632477
634225 338466
360861 1036531
620822 1050080
245201 1021651
449648 878310
703334 658033
155171 791927
490399 459813
91319 1051195
314608 454296
263404 29577
177083 89732
201347 1138803
531284 460764
259463 1111850
292023 647466
15705 225866
512318 414304
459014 569973
238084 767008
773074 876676
694140 628525
576831 794968
273370 133477
3186 1145411
731847 659530
314651 907075
506781 567265
67082 774796
592110 662961
598465 667220
596404 295519
283983 901067
750048 567826
466744 519934
487775 802068
786723 253191
603682 1084048
769279 1092487
735739 1104681
387649 1175877
14718 1182951
475473 125139
315096 1194842
392579 214951
298838 137101
730983 671872
445064 126433
627862 77606
718634 469458
419489 73409
257685 1123221
337110 1192889
112530 1093328
539927 725737
309270 1073327
273516 82049
49149 265607
757401 235873
607704 798871
578110 112095
67183 859499
412767 501488
62313 912439
768697 555063
463820 1166065
684583 1030937
97733 923123
604849 871448
18758 738825
319837 253434
387340 874849
674333 758148
251895 1169917
395224 718431
142328 1029285
466164 121112
247692 669740
220739 1160403
558032 980479
128445 180721
326821 1107564
359269 720168
300604 635345
622481 218441
288376 555410
46527 257205
353164 1025109
447457 973222
716629 827267
184030 780001
139197 956770
140886 856032
183330 404288
279884 1185256
384430 874092
744267 1071798
634875 57547
287306 658478
290024 519211
127311 1181745
555494 234713
289157 358537
111839 50412
518511 621365
10477 128049
195792 1190849
788858 924068
172541 495935
543659 573242
55770 216979
660854 843052
308108 1155445
295554 995931
390196 628780
478462 878067
18872 113077
439776 391193
511183 457373
306837 675329
556631 16929
128241 143992
83257 1118409
759850 1051288
720319 52023
76198 737391
422365 150779
564415 687201
413199 234026
96478 919929
400079 221430
192317 762266
754821 1162281
346808 598977
456085 521692
272810 896477
84573 994326
516323 1039764
199829 744832
691251 897473
8259 142489
104338 660385
672527 1048895
111653 656990
469736 815125
39107 1078534
512972 657584
534203 375384
192449 603760
571673 718705
18412 107407
25439 1040599
26947 611353
330842 5089
481236 1016899
618729 217244
604162 301644
604462 1005294
91863 278475
86405 1166095
124494 1011574
162587 196388
680959 152524
436202 269933
657483 456189
485333 858523
532225 60450
180909 93868
102866 861990
394344 84373
163447 265854
534999 936788
756943 822068
700260 1163382
547280 786156
163285 563511
499332 266654
334041 1187047
583952 931625
332508 558759
570143 773013
95595 749140
21669 79055
399680 679207
608983 888728
783200 857068
33645 958962
662483 262264
397806 268179
2450 9204
78521 14207
789728 755131
247817 675127
417113 504546
339020 693724
77468 27156
794493 641624
177701 193751
426138 435690
516165 402935
249984 85324
525402 222502
493203 1007342
33837 891696
35599 755661
609929 361162
3305 98168
784283 537030
438495 1013738
262409 837987
101598 882793
407310 612326
702857 207581
423929 283778
649666 752500
450394 582544
362745 885473
398562 365110
316524 296677
591495 1069099
291369 33816
741746 378720
303171 637829
564883 435861
553869 821798
43710 455456
128086 1120186
221250 169275
267487 379268
538032 1071325
697161 899497
492782 540267
686610 214948
106664 847514
12763 1027924
150265 556071
497418 712827
271245 619860
724487 271604
63711 169454
592639 243785
723126 226715
564589 963171
572535 425890
264893 441145
640871 81294
467894 984423
752440 174747
206281 144568
19009 229757
278311 379470
582783 867627
620563 811221
329995 219656
438214 103431
610400 444781
753594 111347
712565 1140322
236839 239047
554586 152491
435127 545318
466418 904762
758872 389447
256656 156263
740022 518180
13574 997404
549448 660261
503727 1045789
534947 894438
5106 912168
71581 1038673
480034 168708
677694 927555
98889 1101664
659467 593496
779299 562846
90238 755533
565153 251817
454461 553895
324064 1069477
131739 988155
286128 901560
81568 866172
160988 937593
513085 136004
778151 983138
469981 596140
226746 813838
568582 114969
513128 419786
722519 943574
459548 816134
419798 871404
543326 230017
629848 994046
12500 688775
506419 122951
273192 466336
237401 331883
786641 187027
693322 196959
630640 637178
749740 233796
273889 365229
530580 73176
619579 1024217
353986 925061
661249 385543
425248 44660
82993 919215
240030 838568
555419 943868
165805 1117141
312585 412370
373231 1192930
727071 325608
373643 775269
779668 964888
387629 1018171
419943 915505
179392 682085
375140 368492
337647 474377
202037 911869
756022 464772
502955 406618
691168 172227
25628 920227
658408 59282
96582 1012340
500132 1180601
623701 737127
425180 94843
598405 518847
503633 360268
360103 1024095
798162 1031992
65431 450632
62340 688620
311951 445771
719233 941515
472223 858112
443749 892787
75231 604292
526602 907388
25275 746572
788426 316584
630248 820622
216209 904202
305058 712476
637665 491263
376882 1008290
331503 1101655
794673 559180
303187 26605
297870 155797
766901 797666
730723 718181
451450 973627
790140 990888
494721 1023524
468114 843478
754572 785648
475145 240033
262346 1143977
491225 505780
392743 1165303
622259 417983
707990 418730
460556 496265
490702 211880
776701 288409
264793 570317
515466 923124
66574 987824
122538 391108
628038 418632
213856 996950
312694 676482
21993 68851
72258 24902
470394 890903
434063 501568
10305 1164447
96716 356036
509135 1075169
279 772505
785723 815918
450683 75661
737853 344515
711779 275160
528600 82944
580618 46971
127928 1091013
597786 625883
413219 432697
724931 337116
266652 1143301
441407 693322
162084 821149
582262 154112
755398 704191
787309 267609
185212 682171
235167 590941
412440 489657
376547 1076216
750410 1069244
106827 538458
563877 629276
186324 76195
716178 1052746
218794 1028883
133495 855922
74629 1154113
91904 1074319
406440 707458
534187 554704
357998 556069
675960 458849
776023 850211
327343 394372
215897 877298
415080 789196
115330 329643
211811 1137593
92678 1160769
413264 680139
251046 896051
742619 420885
724844 851660
430432 285808
64848 169809
361091 940302
374215 134661
320653 1150643
614318 90911
64999 1112527
656318 434826
60469 367593
687721 1073776
27036 1120584
534245 6755
120740 138712
89847 778029
396589 1121018
373618 886140
525966 562526
522757 277843
450212 274065
578136 245064
140309 999564
72501 1124395
566892 807262
357115 1011690
739556 91398
770132 283964
82198 965098
780963 1116992
790429 562066
342985 642503
658163 656013
548902 1082447
576660 161764
567937 676669
701279 443627
441394 583758
326610 91618
289261 880165
570363 918168
92477 896416
58684 170430
35047 396713
407423 595086
181384 951537
704421 334151
422084 308849
441622 1054454
186641 119886
723767 786396
607351 788953
684423 63324
556128 681555
692098 527121
447837 815389
571611 64024
101800 563198
641592 366816
424883 117871
200306 1098998
379788 711241
729048 604445
355311 790038
81406 101874
165733 424111
702913 571802
589223 1924
305232 568086
1199 878281
523723 678800
487191 1085240
286543 1074887
430190 258498
552919 217903
132088 490278
750276 1028292
69592 608995
663849 51218
11393 512502
777022 100272
47678 493478
224087 563468
509249 1028973
457050 797366
101415 205320
2116 981427
161263 978517
97767 1183679
398197 854158
718764 442520
597546 13723
678734 264855
594156 176584
159352 746866
351048 560531
744366 192675
212724 961299
632308 725768
259859 894084
101931 541735
339902 186265
357339 302055
295380 1070933
365384 1050295
413103 690943
171567 506585
731187 887790
215153 1025251
193151 378079
641220 637742
517726 408807
64786 44415
331325 583001
14859 882042
104023 945921
90926 682317
181242 36178
445360 778191
332386 361860
476240 554611
637726 649594
476999 967499
290219 875240
356290 41449
243356 1166941
256147 994192
330135 1056355
659701 695793
698719 239175
395595 1017708
431602 1145185
117055 495576
312641 184652
326142 817664
466527 660219
540796 904685
190093 998194
645695 448296
463748 347375
4011 1058143
161017 829187
571684 835563
211489 304488
631977 141657
418058 865553
563352 87798
437114 705874
655918 399544
192434 658996
238796 104236
779048 385305
742094 1186657
497451 762072
143861 232203
248116 840289
72210 590253
408757 1095836
461607 936074
532668 369440
200911 669939
482637 283041
86689 1123707
603070 626059
310804 964223
344967 1178373
164539 1043692
153563 346
520468 271263
589030 754788
730571 174008
659164 662539
102667 666888
414542 72701
271162 728072
756430 1130898
234816 567445
58942 590219
371227 320762
10207 571942
303498 933634
472775 122561
465793 1078257
566891 387220
537660 853518
475254 13344
299924 1112395
533585 294773
15865 1116326
144652 904261
282635 832374
207525 683076
202647 565126
184507 695057
631037 256081
620656 895961
738824 754293
751993 448738
757936 551083
33657 593349
611646 200141
369321 1100522
395866 1021130
717195 272441
48650 915815
431984 46435
518111 64962
636264 760067
698705 64760
206525 625383
66665 716906
102920 172458
529577 27357
475884 446173
635762 533262
374949 293000
428114 563503
689810 700855
708821 842656
740558 560111
540128 757994
692450 711299
730765 721580
133310 800912
791158 234438
42577 911863
505803 1102972
731697 659337
709772 1089555
740698 6605
542947 144966
690612 950321
333238 1126382
73639 1045285
451370 1107573
221067 368860
325926 70966
67027 482307
705706 1040233
780951 1082045
84982 697474
263176 854354
106834 273309
743274 304351
71068 1178157
612360 1020030
262879 481184
282736 965122
179865 544778
57893 178899
278032 949063
480762 927898
603060 489417
522373 323422
585530 1084791
689367 501986
700123 591584
175540 922760
284707 872964
372201 111335
418965 1063344
271308 1017040
787665 669654
487393 699665
532001 1023821
281099 757680
424461 1004282
302139 1175427
187951 875883
729901 926215
601306 160476
629911 743379
214732 397986
223345 727485
51662 590032
344089 69984
374293 690673
243375 344216
263178 159857
521240 242885
721504 446620
694604 234688
178261 413621
297664 1169785
180493 1119343
232789 397995
482710 94679
552450 1014322
98858 946164
490247 726881
137993 122265
347649 706806
24172 14581
97240 1030495
83285 471764
506312 861970
299714 657892
307151 5240
442536 1138100
272066 587832
294228 827033
646668 662501
664661 43954
392011 295076
700539 1014651
725544 232324
379365 843402
660006 442827
703569 949053
403280 220529
555317 1087754
1000 16785
491757 347218
204702 680643
692516 798225
152027 1008504
782827 554332
454099 281529
300992 1166609
658460 1002561
2873 869765
59639 802816
418978 782710
757194 399280
445660 783015
381471 691420
92646 794949
446026 728301
244607 534335
177996 346831
244679 754313
563649 298617
243071 248305
639593 656360
553623 312593
385498 869274
593887 503089
162290 114926
405415 143238
611378 563112
166666 30943
41712 777953
570153 1070075
739156 793887
638543 618945
370698 701371
773698 897425
466375 909857
152003 374559
516974 769625
121810 479575
472725 917413
78106 1049483
765763 238237
223204 417405
488552 23546
319564 1180997
509166 892596
35820 71638
671843 101135
722644 539337
738411 527857
433903 832124
71408 645826
669327 225629
413396 156022
175645 157876
176143 884895
390047 65499
628965 797461
267087 923306
647850 799482
355124 480496
152730 252102
730020 1030453
231020 555616
402149 688046
501314 786934
566682 1109344
426559 321128
734712 94898
203038 259498
640573 1042994
543602 570227
346581 994898
182462 930970
181013 848782
787969 306394
76699 870505
91162 963596
190863 23623
251516 492559
401679 945851
64410 222562
206413 514669
215353 1061313
460384 467774
118011 716048
12408 790151
681884 411632
789144 6460
330488 460990
222792 595110
417980 180377
421424 1160236
35087 914747
62449 405365
351046 100640
768382 291371
434297 509173
329286 703251
785180 345230
129669 196256
580766 213865
67665 276185
99563 453817
45879 50922
231878 128673
636675 519424
531266 1188645
248051 1124708
307583 947693
503632 579381
176477 537197
754174 445525
454661 552612
647103 1067728
61586 5783
336242 227232
242236 110359
293424 879601
518876 211791
418586 1092400
299428 1198169
692166 544421
249805 551024
604033 731984
156539 460209
98596 517121
413140 690911
240601 1196398
470664 74277
1982 1036797
339963 693936
334798 35323
207344 438055
135819 779405
87046 709626
688036 357661
272956 1178285
591732 869203
337124 659134
627106 442424
243478 553572
149945 864177
64444 399494
497682 1096913
534384 589944
507868 260284
545512 501397
333878 172637
129124 84677
130730 508830
190475 37831
646028 836280
279778 1065001
465855 1090563
613038 719911
324397 397860
271546 987615
594678 452074
321977 452744
635252 757549
595903 194781
739686 386370
174885 685372
50793 90693
744914 1186865
629919 945520
368031 1093067
265273 218942
566958 724817
513262 802583
648995 854748
469926 731809
686447 136142
115262 336971
441989 398250
145127 12082
236014 1197924
781393 1084555
495785 1154083
95592 933101
750904 291995
515280 902038
633851 339459
492816 1131248
261630 678215
228182 774727
607504 441392
771585 1162399
543048 154438
606972 930994
396423 302077
467651 870658
680501 349240
635312 1164327
756710 444188
132160 379754
292101 444152
149459 784142
648491 267303
24437 248038
455518 1130092
65816 457389
794883 945362
733263 859122
47880 144347
611858 729731
366230 140636
735828 932041
535040 236740
445243 833806
371851 172754
305764 326039
499761 1157839
196036 895234
598686 120926
516874 65881
353172 916341
423246 76223
542256 255231
587767 1095100
438596 684955
39026 18931
685829 266632
550870 272226
219132 897672
234115 852150
459739 380411
438030 19001
113362 619021
278199 139958
574642 168943
550773 761949
344853 1177139
678636 631031
713912 520737
409456 459359
480656 845204
242779 7777
660635 515825
563504 1072177
716876 1086982
461725 18476
163044 22144
798013 64967
29184 354296
495121 573335
292436 886574
151720 676994
674566 441288
43600 1130706
143899 1124390
140019 694659
451062 169679
116594 750912
286257 1124543
333529 636678
329982 256876
196998 1136304
204150 125955
352132 239499
664464 251076
691135 668929
597546 278904
739547 332279
451487 809625
159727 791815
503882 1024064
514642 1013323
57328 943712
489816 311344
472488 56380
269000 500858
684580 650998
186163 727091
648312 817006
720551 36808
72584 453554
763904 1120125
680615 1082163
147704 332379
536087 74608
716058 783016
195456 558884
413347 538578
496629 722410
643480 1142839
669929 423229
182145 1091593
118256 684089
285339 1154943
589835 7516
317724 570790
514267 53347
260044 202588
204211 698386
772559 307607
626111 601200
452885 1028660
629176 524796
414559 1068831
453138 492875
774703 143391
721777 409468
346982 885925
390034 853942
749008 94498
414568 463847
128063 844884
192030 308257
436359 840784
421233 117027
189848 874658
92829 961758
311641 421582
532821 1065746
637353 991859
668218 1121147
436343 708707
620737 137441
283039 323301
104701 148382
340075 678969
82896 926226
757205 465302
365527 1170816
244733 1153842
304468 196088
109061 939205
532640 277049
736202 976551
710829 1118760
612308 647361
668409 959548
312171 1074651
494828 658113
387119 951771
573780 1023003
673001 1076256
750270 706302
99785 643564
153215 462952
675720 289741
138284 337119
61123 1155057
184963 399678
489158 318747
34481 390822
263833 1150825
528588 182311
40415 704427
351598 953014
444302 520117
423611 99192
575291 554764
602436 858807
681112 711227
735795 144754
502391 1016876
293526 90141
149702 855086
553699 1130362
755260 85125
546221 1157643
748626 151519
614829 83991
671839 831924
518979 815850
302568 436027
377257 1177597
446187 317999
309783 1144502
643079 774814
799706 1109921
662355 953355
340962 286013
101284 192598
149983 1038824
438617 673972
774694 747345
339132 330400
653264 326727
338419 1094143
422628 672444
18526 816525
428405 977013
321688 414102
661177 676967
644651 924167
510476 560972
475261 1090747
499002 1196569
464258 186529
439724 947373
352076 135155
109035 439576
243131 1087319
462143 735133
145153 446615
207855 884349
524649 255536
605087 962828
644494 42127
57134 62336
454111 395901
217520 428232
101928 156686
18322 113813
31385 570092
28761 561915
201792 427685
434942 923112
418512 51398
722227 363128
735391 949502
203920 38574
6119 46224
277981 1177310
248412 751274
104612 1140903
234819 294921
218617 594299
290915 52052
785819 673043
673587 434785
500956 681981
630592 1084350
722412 998462
447933 349175
568924 386181
725880 125336
43543 1151934
347753 198591
679016 238355
54897 1078954
586471 769129
736719 396501
162649 330370
798930 996560
709260 184343
254008 21970
501535 1058511
473565 1002861
620841 1112104
615455 573661
742784 68823
383333 722297
16665 677090
487537 569705
123822 1079450
193473 366187
160535 600103
102696 882166
558696 1005533
188688 397112
90082 1163901
637386 17701
310486 1127532
77497 1119116
253205 620271
276203 841474
438314 284248
556678 828696
511699 435199
607750 186852
228225 1106500
452238 552253
648787 1193818
212688 486608
41865 1012099
347169 19587
797216 747924
659231 982614
144888 218352
126140 1037039
774798 426695
109667 398900
490110 139842
519599 919101
343747 249806
189636 1168629
630575 1154577
499189 488220
319873 716726
170070 1168368
783098 1033213
189342 419501
177216 438109
588633 1154210
688200 312024
633068 1176776
594169 36463
304641 294164
230485 174898
247478 192243
443476 655932
303534 43619
47991 907310
770031 38412
579795 1052301
684388 927044
80061 1155077
190722 684401
376729 949371
722147 207966
175293 434201
692604 1025441
491460 1164487
383908 1119989
475077 1141823
588353 1052955
684457 667914
12140 673431
566740 1026416
36776 1091805
683698 27118
507244 531956
29794 610694
458300 878355
655913 709854
600348 359681
644349 585208
352054 28048
505194 889501
89476 41837
411212 720677
165958 1176649
565015 749523
642166 824246
778320 1004661
153489 765258
253939 72829
539864 130138
627392 1021662
215497 509348
76481 1139005
558749 87111
153738 732030
225187 150833
734244 678320
576426 991006
4260 475345
418382 325931
555791 117528
510803 1124537
161752 653673
736026 308418
730855 165658
519114 728603
609849 786584
218125 1056998
210592 103501
136235 487631
9048 587421
608345 503841
322424 971579
87724 866709
759151 637219
787400 358217
750261 567937
409280 605382
53016 243909
660826 797496
301366 357721
751711 196732
673800 131625
115940 182106
203073 436841
128626 540032
262534 647921
129975 636219
289503 738723
702336 959295
219927 17549
500487 348326
552256 114786
123009 1107028
100083 35265
472031 1076263
644215 647409
74465 680324
77653 25122
107466 1177003
782050 218941
73034 946250
192347 42090
636994 759443
376560 272297
89802 1014883
72558 534936
612849 1068944
88370 75950
241710 791081
225704 1041025
610669 821170
442031 304805
264862 885638
606475 209570
384229 581411
319539 94284
391046 173233
205837 235430
280415 670365
689709 882187
770341 8224
517158 1035258
45731 35298
581997 282363
258126 106294
212060 998087
66616 862013
748580 320576
318940 174962
232008 783259
469419 235213
632458 999222
531656 704898
170819 240143
737663 346063
609225 828835
767977 708343
61088 903070
546355 1146618
4956 1139103
775035 1147164
392291 1111783
152954 975849
180677 820491
300905 1079540
423590 1163719
112296 730905
499434 202269
440473 1011673
79143 361612
461869 1020613
653185 685352
333850 886487
28208 888235
395766 860253
407677 1178937
87287 74303
701912 333315
207958 792239
143551 383515
2819 757897
628961 878339
265376 139670
408824 346869
744105 802637
6691 980509
443081 1047176
40592 1078278
245732 710935
679781 15683
622946 535588
287422 1069753
125060 765284
312550 962510
425181 705821
491961 46654
248789 171082
701058 1198688
183002 62957
334855 1010215
591874 581487
371524 599672
559944 509802
161131 86659
787843 819742
332242 359905
599581 354706
39271 218814
571783 30751
625953 498188
244261 636307
486756 747485
297336 523882
376620 993964
678262 636732
724636 718568
149759 466668
275800 248180
454074 795040
548628 592340
105941 607048
158292 515141
42252 201778
81344 980368
344516 1094125
330717 906176
242071 589302
272322 798302
563013 734080
80565 295211
795947 653713
679452 797189
44559 750063
463925 658385
464634 354382
739102 413896
758928 5655
334339 408152
32272 829513
699076 181732
549066 398733
23288 844437
314028 180080
459111 816176
397538 336327
500245 210976
720373 980958
5299 61825
345567 518304
489785 872033
398506 772072
255899 170390
583972 501744
366710 202946
231248 116248
358945 1066694
28964 1171201
206409 1116329
313627 864686
245522 762798
408119 1199880
204539 733977
607327 536784
339220 627929
398760 442291
663081 1068279
768355 578746
166750 1171432
530079 441790
476755 742115
133820 245740
634432 232354
552061 813230
722003 696864
514329 791707
301270 867960
350883 420721
199187 935830
285234 999009
188002 829266
769587 610004
80146 865042
195843 1197846
104105 1041590
3674 67626
584758 329444
198298 113665
573511 142156
671130 417518
399658 962365
46428 730314
116516 436659
435966 570223
152916 75371
487385 553512
324669 571693
683748 251073
77516 126124
484807 606485
206606 259737
790776 1076917
664433 589640
630105 695784
679982 454760
257989 904911
592322 137871
772792 587282
636612 360328
674647 875806
347494 969219
551653 964618
729822 198071
456191 814006
438691 736710
383709 410809
465151 559797
505 842186
326438 967257
652780 649820
780692 367648
375171 1142097
22148 11393
35824 162193
408773 1102182
354696 1038335
726830 638847
384760 532593
461613 529619
688877 912919
709889 277300
791879 994853
418896 285342
722332 591455
88009 1139556
53964 324823
755530 914511
40048 1173108
256718 39088
325512 6983
240197 880540
278870 844073
502413 1196084
392034 847754
737624 764696
589298 89741
725311 41627
709277 489972
485834 876857
408123 347999
480275 962197
795435 1055589
576366 506460
383056 1154192
487141 1004916
585964 337651
162891 37086
671910 205500
375492 237041
61362 331931
359340 73880
289259 1084623
498582 597111
505738 882713
162042 281381
690211 216068
341385 1140910
791042 114604
360290 1112466
497120 349322
373382 765207
793661 257688
348018 307278
295227 49677
441108 558167
80879 469515
116832 591810
20507 131014
705410 278037
743831 1006790
41793 567189
216768 731957
277328 614450
657081 638460
327997 381039
456555 329957
494340 94061
523090 404266
707049 360630
236936 1132967
409371 596045
66293 29446
425830 163000
138359 530681
670058 90924
203055 292961
260168 53712
417162 939619
46393 784049
623460 507358
9338 588176
276122 806035
174260 889677
793299 175555
96075 738143
418988 337861
634774 1051428
574572 360787
234629 862815
374005 1054268
85869 658244
483652 1154767
549926 57456
771182 1031614
281922 1000166
313037 139780
496770 314229
83811 471073
171583 406444
490701 638646
55071 452433
286154 10284
326400 616421
470179 1011409
567676 176674
131520 941825
797568 1054008
214787 709862
591958 1053388
255347 957165
796039 110729
387161 347349
795994 348705
644248 143042
476419 70686
611167 269536
392832 984742
433786 9720
487640 649094
310200 531799
529564 4282
202333 1109582
657486 496716
409044 1125913
327649 414851
176523 155530
53164 887703
482516 533509
754776 686710
7635 1021009
565196 862144
116660 727429
92837 264733
511347 1194358
570704 306440
198086 648554
772786 1174784
293161 910679
229896 292807
234280 765981
303029 895282
491903 645414
190277 324667
546215 827145
388154 377028
348889 661065
341633 417720
570480 1020309
137020 1101442
724813 103932
252090 183588
253277 867055
637889 1197635
185687 1182747
97666 1004406
753106 1055955
487251 243533
520727 861575
140608 744029
686378 109238
442520 1059042
387337 819309
50773 410660
261383 1071671
306303 595353
511871 740510
497405 860468
10423 1168697
645345 1024515
749595 1156465
415439 60377
623983 736512
692682 425335
721193 701778
383702 1167181
191986 77515
168338 413579
238036 636262
741164 1029987
339874 716666
331969 618763
154662 694824
673982 993292
579094 255262
94838 245235
598385 199331
611110 54200
745073 850639
646828 1069428
143272 781051
580320 295285
592552 1173187
640475 1144350
26790 1083028
8128 477476
614715 909474
294646 68984
557942 420190
479199 336705
203090 337609
536016 74406
486951 565657
542313 599007
200315 183087
207546 912049
252942 886889
357011 883068
221831 824056
588580 914295
718250 1086803
251080 503111
328645 1067021
618606 1174564
526959 385008
403152 89997
747493 226448
538512 1004378
