10
400 2
94 56 26 23 51 95 21 11 18 23 6 42 16 87 23 91 88 18 77 41 57 2 49 88 86 16 97 79 35 6 98 45 96 91 94 15 19 30 16 90 95 79 45 93 76 41 48 57 70 6 45 50 13 77 76 25 83 56 39 48 35 80 8 70 65 32 47 73 26 100 18 22 38 11 10 96 9 84 16 28 14 70 23 67 63 26 40 94 43 19 35 69 9 29 86 78 99 30 94 6 23 98 70 26 66 5 36 95 98 99 7 1 47 41 7 27 55 27 18 47 97 15 66 65 98 33 63 83 10 100 74 2 46 9 59 28 88 34 78 9 18 25 28 93 91 15 60 71 41 77 39 98 48 57 33 69 15 35 7 7 26 47 66 23 95 73 42 90 19 55 44 16 69 34 20 12 42 37 91 92 12 3 13 70 35 12 74 58 32 64 100 76 52 83 75 32 40 89 36 65 8 95 19 18 35 21 41 6 61 98 20 96 12 27 14 63 42 29 48 39 64 84 79 91 55 48 7 28 74 88 35 17 7 18 81 35 41 45 79 73 15 88 36 50 13 15 66 66 27 29 43 92 63 77 62 66 26 83 40 38 76 11 29 48 81 43 13 45 82 1 30 5 93 31 91 16 38 55 63 63 57 76 82 41 19 61 60 64 50 20 93 48 40 63 94 75 73 33 69 51 76 45 16 14 18 41 23 80 84 7 20 78 99 8 21 9 12 93 35 38 52 49 5 53 32 55 34 58 95 84 50 53 18 79 91 5 13 92 19 76 1 47 47 54 34 5 49 93 74 55 93 78 84 62 40 13 22 8 35 51 88 86 81 61 88 48 53 62 84 39 51 81 34 83 76 24 31 59 71 83 62 87 97 51 84 22 35 4 74 53 58 88 88 42 7 44 58 87 26 21
400 2
11 16 57 8 28 95 5 4 82 99 25 39 99 5 10 27 12 91 12 26 67 12 31 74 86 76 50 7 10 56 61 91 38 48 7 22 35 46 26 39 76 50 54 28 89 30 85 32 6 20 14 59 14 78 40 77 65 28 82 21 42 29 30 34 10 23 16 69 10 35 39 55 57 68 79 87 53 38 94 72 6 58 12 100 98 7 47 54 89 59 32 43 3 7 85 27 8 51 4 29 66 39 11 47 1 45 39 5 36 79 67 52 97 20 37 66 28 43 82 17 46 14 64 7 71 45 96 14 90 100 91 35 37 34 45 59 36 38 42 44 96 17 47 65 15 80 15 14 6 49 97 21 75 81 34 36 80 96 4 80 84 62 73 32 54 63 7 13 21 53 51 45 75 48 1 18 14 96 32 47 58 69 90 61 69 99 19 74 38 28 10 57 82 90 48 86 47 78 1 33 49 35 87 17 39 36 71 9 80 47 14 90 40 7 71 70 15 2 20 24 73 4 21 96 76 34 35 13 44 26 45 18 62 2 32 82 19 67 52 58 63 82 13 64 6 82 88 17 56 9 8 1 79 73 44 69 86 24 59 39 37 51 78 44 24 25 64 45 29 14 69 67 93 51 5 83 55 14 46 43 63 47 43 89 19 45 11 73 6 62 87 26 36 2 99 29 27 17 86 36 54 56 95 48 58 79 78 45 13 30 82 67 55 65 35 99 26 14 26 13 26 64 58 56 72 99 86 6 93 97 99 9 48 67 1 93 86 21 69 91 78 72 10 72 7 1 37 69 80 84 42 49 59 25 91 31 84 78 100 70 67 66 93 98 59 96 40 97 47 90 73 92 90 61 34 62 24 21 71 40 41 64 8 50 47 85 53 78 63 72 84 22 5 83 84 21 55 33 94 43
400 1
71 20 20 40 97 55 85 100 93 52 92 32 44 24 42 87 72 11 21 78 89 47 83 42 38 78 10 18 35 31 96 16 96 24 43 95 65 3 53 90 39 99 8 45 45 51 70 83 67 68 46 14 83 95 54 5 92 46 5 77 67 50 94 36 29 4 7 35 71 93 68 100 45 65 91 24 22 91 25 85 5 14 12 37 9 31 57 74 90 2 54 96 22 80 7 63 62 84 90 90 77 59 29 29 27 51 24 74 58 55 38 6 52 68 67 87 91 44 57 41 38 93 45 70 58 96 80 91 54 98 64 94 12 84 48 63 93 52 3 89 19 85 94 47 53 78 37 45 73 52 82 43 9 34 96 65 15 26 3 99 41 87 47 69 5 91 8 68 94 95 87 53 20 49 41 33 58 39 77 76 37 98 31 22 66 88 11 81 75 59 55 52 37 91 2 19 55 46 10 99 6 30 52 64 30 17 11 57 79 64 64 80 9 59 64 39 6 32 51 82 87 26 2 25 32 26 73 42 43 19 14 12 60 31 88 73 5 9 69 15 48 33 38 24 27 90 15 3 36 34 72 95 46 61 32 76 93 22 86 99 99 90 31 6 94 24 4 74 85 18 32 27 54 43 33 4 48 5 3 42 19 66 11 67 17 13 6 36 1 75 95 83 1 34 93 14 71 86 49 53 31 23 40 44 34 2 21 15 89 59 28 80 94 69 40 6 15 85 44 42 46 75 86 64 10 41 48 81 11 91 80 63 3 42 78 30 90 95 44 85 34 18 56 46 22 98 99 43 42 53 29 69 63 41 27 38 8 26 13 64 21 13 68 26 52 74 37 62 46 30 26 47 18 74 25 7 14 68 45 30 73 98 61 21 21 63 32 45 42 15 36 95 54 74 70 33 30 83 67 54
400 2
14 67 11 36 7 86 12 14 34 68 51 4 44 34 19 44 14 58 57 40 26 25 46 73 43 35 76 26 39 56 64 5 96 67 25 35 25 72 28 86 34 47 1 6 31 58 34 43 85 30 62 19 46 63 87 73 28 71 69 14 60 12 44 60 99 75 60 7 5 9 71 90 84 4 69 74 52 85 5 30 5 12 25 97 19 45 41 35 88 71 1 91 75 22 55 78 37 73 22 42 68 33 63 7 53 23 84 71 66 73 92 58 9 89 21 38 78 23 75 54 61 20 75 99 8 34 59 63 57 48 55 79 14 96 46 86 20 89 15 31 86 10 36 36 68 75 100 35 75 32 47 85 58 20 35 8 50 7 88 9 100 44 19 29 35 90 88 87 98 20 35 99 27 92 85 2 47 3 96 46 27 15 43 48 1 3 31 19 47 16 72 40 71 11 89 59 38 29 45 54 59 68 2 90 36 11 100 18 49 53 86 61 2 93 67 81 26 8 88 60 63 11 58 19 6 66 66 26 31 80 90 34 94 5 47 56 62 22 69 16 2 28 77 4 59 74 2 4 20 58 62 11 46 81 66 16 8 22 14 41 63 13 42 41 43 21 60 88 59 50 35 85 63 6 11 86 32 9 46 44 8 99 56 37 92 40 54 92 76 63 43 34 88 96 20 85 67 10 48 54 31 100 78 82 22 98 83 27 35 56 9 12 56 17 75 45 30 51 96 55 4 25 30 98 20 80 84 27 37 60 76 6 87 75 80 61 75 78 33 73 41 76 64 87 22 82 89 34 95 35 2 89 19 49 3 31 67 60 59 60 80 17 26 70 28 15 94 76 49 11 3 96 32 22 26 50 44 37 83 14 68 27 22 25 87 95 57 20 8 92 53 16 61 14 46 13 20 48 48 43
400 2
41 10 78 89 84 11 76 75 87 12 46 51 13 92 13 72 45 44 98 57 3 87 58 95 4 12 63 7 1 78 49 88 99 88 81 16 40 96 93 97 53 47 89 60 54 36 50 78 30 22 33 2 37 6 71 40 65 20 65 88 2 39 72 58 36 44 69 4 56 10 31 87 11 62 30 84 9 66 16 92 30 43 41 84 96 71 52 26 50 46 41 48 4 32 90 99 64 41 33 12 35 28 17 60 68 100 11 7 67 88 58 35 1 83 87 11 25 5 38 66 89 89 75 20 91 53 68 55 5 63 100 47 10 7 46 85 89 54 26 16 42 51 85 74 43 67 13 77 42 85 94 10 64 88 32 23 44 52 62 96 97 84 58 80 19 21 36 32 79 32 9 93 30 45 1 31 99 56 47 20 7 20 91 44 100 83 92 49 76 86 61 80 100 20 20 8 46 22 96 5 65 89 73 57 77 28 78 89 31 39 27 71 9 44 94 50 79 4 98 50 28 37 95 99 50 78 77 24 100 47 26 93 2 81 81 92 30 74 81 66 78 38 21 95 94 75 78 92 33 90 31 88 40 50 80 36 8 6 3 15 69 98 78 44 14 100 87 53 88 99 86 15 11 6 42 43 81 91 1 32 25 83 40 53 75 60 50 60 31 36 50 99 20 87 1 33 76 85 86 92 87 93 61 95 92 63 32 80 36 81 28 21 78 95 97 88 5 65 8 67 26 38 50 31 42 49 94 41 80 94 74 61 21 95 67 65 85 40 90 26 61 42 22 2 45 48 74 82 77 91 99 25 48 79 14 40 60 92 64 18 52 73 77 56 40 34 4 79 36 25 6 67 45 86 58 18 53 97 74 21 16 4 69 83 78 51 70 89 99 62 30 4 82 38 31 96 63 78 78 14
400 1
7 94 98 46 60 99 38 59 36 52 54 71 5 23 58 48 22 48 1 59 78 86 99 2 67 38 19 54 53 60 96 17 30 48 75 49 49 92 25 73 12 87 99 39 48 62 80 37 93 78 82 19 97 2 67 11 37 5 85 11 20 98 25 96 47 17 6 99 34 49 69 28 13 15 24 67 95 84 86 53 73 58 9 4 99 1 74 30 44 21 87 69 17 97 42 33 86 75 36 78 55 17 42 1 92 72 23 14 27 66 26 31 98 33 57 9 50 52 80 83 21 15 100 61 45 4 48 92 63 75 37 43 26 11 74 48 87 41 89 97 48 4 79 47 77 88 11 88 92 100 73 82 75 72 8 45 53 36 15 80 55 80 88 55 5 31 45 11 34 72 62 90 83 65 54 27 97 97 22 83 46 18 97 5 72 8 92 18 2 11 15 13 92 49 77 26 63 30 100 79 96 50 43 75 17 15 77 65 72 18 17 11 19 23 26 41 99 58 78 29 45 53 7 61 53 61 62 89 34 57 93 27 99 36 82 78 99 7 2 33 100 64 10 39 16 21 54 63 95 21 77 78 8 34 5 47 11 34 86 37 24 12 13 44 54 22 7 31 24 2 84 41 15 88 79 76 56 11 38 5 87 1 75 75 5 71 42 64 34 2 34 69 42 81 99 6 7 37 89 100 9 34 77 97 37 7 68 91 12 35 22 49 52 70 51 42 3 28 100 60 43 41 35 19 16 68 87 52 54 57 9 86 14 5 79 36 23 87 1 46 93 61 43 45 100 52 65 68 64 92 27 79 79 26 19 33 5 50 25 77 2 54 11 6 74 76 21 86 51 52 3 49 17 68 41 29 51 15 33 52 69 74 70 69 66 60 88 45 80 70 45 92 77 87 26 42 57 16 33 70
400 2
73 55 59 70 80 79 30 74 17 99 64 15 36 74 76 76 56 73 23 66 22 64 93 40 68 47 55 63 82 32 57 85 54 76 74 39 40 69 74 22 44 80 83 44 38 83 60 25 15 43 59 65 88 4 15 65 95 68 87 60 50 7 34 100 20 11 29 66 8 83 60 58 46 39 74 17 72 24 96 54 47 25 4 76 26 90 88 41 19 54 62 51 8 56 20 26 86 16 99 30 69 83 72 48 26 61 87 55 48 92 31 26 28 3 57 38 2 40 79 30 25 30 32 66 15 21 62 87 32 46 83 29 30 98 99 54 60 47 3 89 98 31 16 51 65 3 78 23 49 55 45 59 56 94 21 54 30 4 92 27 61 81 26 52 18 66 73 100 84 97 70 87 48 63 58 61 75 87 95 1 41 75 51 34 64 56 67 3 99 69 2 51 92 20 48 19 90 72 68 3 12 23 18 54 46 21 43 14 28 70 61 53 13 35 17 40 9 42 14 33 49 76 17 43 22 50 67 45 97 95 76 48 42 2 46 9 19 35 12 38 9 76 4 15 40 19 40 34 46 56 56 25 44 50 47 22 55 15 43 6 47 70 73 33 30 64 9 93 39 38 68 2 12 65 30 68 28 97 77 77 41 31 81 68 10 40 23 3 59 66 39 40 10 88 49 40 9 54 36 23 1 64 47 70 32 70 59 30 69 58 80 89 68 44 58 67 66 49 86 88 99 42 52 87 88 60 6 78 12 6 85 6 20 80 44 81 44 35 52 7 27 71 84 66 40 9 71 5 27 69 24 84 51 81 47 93 31 97 93 29 38 26 55 86 96 42 7 1 94 51 8 27 18 44 78 58 96 12 7 78 46 62 88 54 20 39 84 44 62 90 33 78 42 86 51 20 3 80 84 70
400 1
41 45 5 80 57 51 35 22 38 76 79 9 25 61 29 63 49 6 36 70 48 48 32 12 4 91 6 13 36 24 35 71 62 15 16 12 41 100 64 5 6 82 45 90 36 44 68 51 46 79 78 99 2 88 85 22 41 91 15 84 26 53 35 69 32 88 69 78 83 60 90 70 99 20 42 12 43 100 29 45 57 72 54 3 33 48 32 55 19 78 28 99 75 16 68 10 24 59 98 23 93 44 37 9 59 1 40 83 1 25 98 42 57 12 5 26 27 13 61 20 35 14 23 74 41 78 48 84 59 72 12 41 46 4 4 42 61 64 8 33 72 93 16 93 39 60 73 2 62 54 89 27 25 63 26 81 67 2 31 82 66 93 29 96 83 7 59 65 54 65 48 9 82 57 61 48 79 90 41 13 78 89 24 31 60 19 36 70 92 29 52 4 95 18 55 1 23 31 54 60 64 90 92 87 41 40 46 92 75 98 12 30 73 30 75 29 34 14 93 73 82 10 8 88 68 77 13 43 19 50 64 55 67 65 89 16 85 73 50 62 56 91 17 40 19 25 49 53 39 8 37 57 7 48 79 50 75 4 64 55 29 81 93 39 29 80 30 32 67 12 93 7 4 53 24 98 40 4 85 66 72 17 42 56 60 77 4 89 10 57 13 70 79 45 37 73 83 46 24 85 75 44 16 5 74 44 49 8 77 53 2 33 50 94 51 30 72 85 98 13 98 24 99 25 71 72 26 92 57 23 93 70 88 43 85 49 85 13 7 84 34 29 68 91 99 77 61 26 50 97 96 42 60 25 69 86 75 24 44 81 45 86 94 60 6 42 81 72 27 84 67 75 65 73 59 94 62 68 9 30 41 50 51 20 21 39 52 59 44 8 42 99 12 7 15 94 50 25 12 53
400 2
56 68 93 35 64 4 54 63 49 59 47 26 35 61 32 33 89 11 18 46 33 85 79 55 2 36 64 48 82 35 98 57 81 76 49 86 26 87 6 11 6 67 25 76 29 64 72 24 92 59 45 45 62 72 1 67 9 86 91 87 17 9 32 5 79 59 99 17 61 100 89 41 14 13 8 69 73 5 30 52 3 79 72 94 33 97 99 40 69 47 60 61 96 36 40 83 23 60 46 1 62 57 44 36 64 89 50 46 83 10 16 76 91 3 84 29 92 28 19 88 74 73 63 50 69 86 7 46 3 48 93 58 91 85 42 72 54 97 38 6 99 51 4 64 9 13 75 80 21 35 62 98 83 2 56 46 48 77 24 29 59 29 6 5 93 1 30 24 78 23 3 86 86 69 55 8 97 80 5 15 74 86 33 38 33 3 64 27 1 19 59 12 90 17 57 15 53 46 86 11 10 34 36 10 26 72 26 8 31 46 4 80 95 80 7 97 16 62 37 41 45 99 71 88 40 44 4 23 68 93 16 12 14 70 8 33 77 16 33 22 18 69 93 75 96 83 5 47 47 16 2 29 8 86 1 57 83 77 27 34 12 98 66 79 27 33 23 77 4 39 18 73 93 46 82 70 73 6 69 11 26 79 19 89 19 24 7 94 77 58 82 89 87 42 92 98 27 50 18 60 63 79 10 34 96 7 22 80 70 95 25 37 50 26 47 52 73 46 26 6 35 31 4 67 79 26 54 68 14 75 33 93 89 5 62 41 76 52 89 25 57 14 38 35 87 98 19 8 38 38 12 59 53 73 5 22 55 21 63 67 63 83 88 50 52 47 5 63 99 49 45 41 20 60 80 26 48 59 54 13 39 62 99 26 11 90 26 11 96 92 12 56 80 28 23 92 89 2 30 45
400 1
89 37 77 87 28 2 13 38 84 3 18 65 32 96 77 77 78 74 90 26 37 67 83 73 93 89 79 5 64 84 23 82 64 48 78 15 17 34 61 61 84 39 25 15 81 7 18 35 42 28 57 68 36 1 19 2 62 26 39 25 31 76 50 36 59 4 22 71 57 63 24 12 29 4 92 38 5 25 72 98 20 98 69 41 88 52 36 89 47 1 96 40 17 95 43 94 16 25 1 33 95 29 7 12 73 4 38 100 22 46 75 52 59 62 6 96 82 63 95 81 16 75 52 89 34 100 18 73 57 28 25 39 32 3 95 45 56 52 93 31 97 79 59 75 13 4 41 82 20 77 38 60 14 7 38 4 73 27 90 91 9 19 35 28 59 85 70 42 14 60 91 2 100 66 73 60 67 86 11 16 86 80 44 51 52 72 72 54 46 65 44 7 13 14 79 47 41 92 31 4 82 43 73 11 3 65 54 85 16 62 70 42 84 38 81 12 28 29 22 12 67 36 59 47 68 8 12 59 68 27 38 79 38 40 84 13 76 2 43 70 43 56 88 61 92 8 8 42 69 9 99 9 28 72 96 58 10 38 52 25 46 52 98 38 22 21 66 64 32 67 39 92 98 24 99 18 84 44 5 49 51 19 72 51 28 31 98 98 80 59 90 14 73 74 92 78 16 27 24 20 44 71 43 33 66 26 91 10 84 95 20 27 59 63 53 23 69 82 35 66 1 76 96 55 77 44 61 30 79 73 7 71 13 40 85 76 11 96 89 4 48 81 89 64 44 81 95 95 58 76 69 94 6 54 88 26 19 44 52 5 2 12 25 70 24 23 63 59 39 91 31 8 20 18 44 30 12 10 24 90 24 25 7 80 74 27 86 30 86 64 98 84 12 12 40 60 3 59 75 66
