10
400 1
81 11 31 19 33 3 37 37 9 55 17 44 85 28 85 77 25 2 93 11 90 17 33 72 31 56 25 14 37 76 80 71 70 58 84 57 47 51 51 26 7 91 52 67 87 32 1 97 14 22 72 38 38 20 85 18 2 85 92 62 56 4 77 70 20 72 33 9 61 88 100 89 79 95 3 75 31 30 74 17 86 61 14 36 61 15 23 10 71 84 96 43 60 12 41 53 62 88 30 97 18 96 70 25 100 31 7 99 69 80 40 40 91 22 15 46 46 12 94 37 22 12 24 64 62 87 81 80 77 58 46 54 15 18 2 96 61 18 28 10 2 58 87 43 50 88 2 87 79 46 95 52 51 96 61 20 98 51 4 88 30 62 3 69 89 13 55 47 79 17 93 60 59 59 91 49 12 29 99 100 47 38 53 33 52 51 62 29 57 26 13 73 5 93 99 17 46 73 2 92 92 67 47 8 89 85 20 25 59 54 92 41 71 41 76 22 87 44 36 55 13 66 90 52 39 37 95 7 36 75 57 66 21 35 71 7 7 16 43 13 13 25 7 62 16 99 97 83 70 16 25 50 64 1 15 49 57 83 98 47 46 77 30 20 61 59 14 46 80 92 89 4 57 74 99 64 61 57 36 10 54 99 15 89 77 4 71 49 78 48 80 29 44 81 84 79 57 82 47 43 99 18 50 31 54 68 18 25 46 76 71 63 35 55 39 44 2 57 72 2 30 71 40 72 43 1 48 50 16 31 34 69 52 69 20 71 25 9 87 66 11 83 87 70 92 81 21 33 67 86 96 66 36 9 48 76 55 63 37 48 84 4 76 98 70 1 52 33 40 99 46 86 60 63 59 91 16 12 68 72 28 26 55 23 29 27 76 6 11 75 55 5 25 32 58 74 60 90 3 47
400 1
81 9 14 76 14 14 34 27 55 78 21 100 4 48 79 37 81 58 99 20 65 67 17 41 16 60 36 56 62 78 71 70 81 16 23 71 18 98 77 11 72 19 77 43 75 82 96 68 13 85 68 7 32 62 74 81 50 95 55 79 79 3 94 74 58 54 12 18 25 30 65 17 97 75 59 23 45 83 61 13 84 70 61 85 18 1 13 46 22 82 63 67 20 83 78 77 28 96 12 88 25 51 36 85 69 62 39 63 6 63 50 99 26 51 40 6 10 28 65 58 92 40 87 43 42 22 13 69 75 92 97 54 21 27 10 45 29 95 90 50 2 86 31 39 93 5 81 54 43 58 29 100 70 18 80 44 97 67 42 78 84 84 8 2 27 3 24 60 22 21 89 48 26 14 57 66 1 19 82 32 61 60 98 50 62 56 5 72 20 13 72 65 9 18 17 2 30 28 15 78 30 93 32 38 14 95 76 20 13 43 95 55 78 17 9 26 29 22 78 30 42 26 65 98 67 95 54 5 19 30 22 52 97 76 57 56 71 85 37 10 97 77 93 12 85 51 100 30 62 3 54 46 87 25 93 32 28 97 91 74 21 2 6 89 96 28 9 70 90 63 71 4 21 73 10 90 93 45 88 16 91 97 79 67 53 30 69 36 40 95 34 21 17 16 49 92 86 24 39 98 98 56 44 72 14 48 73 20 72 7 26 88 71 58 72 90 29 60 45 49 52 3 11 80 23 50 93 100 3 23 5 98 46 22 71 26 72 31 16 68 64 25 28 6 27 29 79 42 58 80 33 86 26 67 81 60 14 45 77 88 96 3 2 87 56 2 69 94 48 56 58 6 55 82 46 10 76 13 26 28 31 24 78 37 4 59 95 2 91 37 83 39 41 81 29 51 13 84 57 22
400 1
42 61 74 54 59 67 99 42 11 8 86 71 62 4 51 86 19 28 50 30 70 69 96 84 89 54 65 86 42 74 35 77 67 76 76 1 92 86 32 39 96 20 11 87 52 79 3 76 8 16 86 18 8 52 60 7 51 34 40 78 91 11 76 11 90 59 36 54 92 25 86 13 96 35 28 88 40 32 7 83 11 61 78 61 12 77 3 86 11 34 26 68 93 98 69 91 91 22 23 76 26 62 32 30 42 14 90 85 40 65 89 23 12 85 17 5 88 62 65 59 36 35 30 7 64 68 6 90 100 17 46 16 44 54 53 68 60 67 77 48 16 36 42 72 73 71 92 72 78 19 50 83 53 48 85 82 94 58 61 81 61 14 3 50 88 26 79 13 42 14 30 80 62 81 66 41 72 84 28 5 76 57 50 79 46 23 74 50 79 22 5 40 65 87 46 52 25 36 71 54 76 25 98 93 77 38 20 68 11 70 88 50 88 38 68 91 21 27 2 6 38 89 67 63 43 36 96 78 51 44 65 92 20 36 10 21 82 78 42 11 25 37 26 30 40 12 71 87 74 50 65 77 76 60 84 34 45 80 66 21 24 26 39 85 13 51 51 54 74 80 44 26 22 55 96 89 24 30 60 58 85 46 18 1 33 33 85 38 81 14 64 12 100 42 79 96 85 94 26 68 75 2 11 60 10 87 53 67 36 8 55 32 22 46 63 20 20 84 72 63 46 80 58 33 33 68 42 45 62 59 68 91 57 8 11 80 40 25 26 59 56 4 17 40 4 4 34 40 15 85 35 90 57 57 88 54 44 7 15 37 88 90 29 98 66 88 10 59 38 9 29 24 72 31 28 99 16 34 70 54 27 88 14 29 30 76 12 94 23 38 60 30 40 49 12 25 4 66 6 18
400 1
28 72 61 38 68 80 55 23 6 44 23 76 11 76 69 21 22 76 71 77 95 66 45 39 71 41 60 94 14 39 76 47 98 29 3 14 11 25 3 18 28 10 21 33 19 54 45 23 16 66 75 64 1 75 18 39 1 1 96 60 96 82 87 76 98 61 88 58 95 56 14 44 68 89 7 66 2 53 32 45 37 59 75 89 47 57 6 44 15 52 67 65 62 29 58 21 28 52 75 66 83 35 63 13 58 82 87 56 62 84 3 88 90 28 74 90 92 46 20 6 28 68 22 95 94 13 75 21 62 77 22 57 3 7 47 60 70 76 32 11 78 23 16 84 3 90 31 36 54 25 50 77 81 90 50 45 15 12 34 15 47 67 4 89 43 58 89 7 88 52 6 72 42 78 28 98 5 27 21 68 25 9 67 100 97 99 43 60 34 85 37 50 58 55 79 74 34 54 39 91 41 31 16 99 31 92 73 90 73 60 72 60 8 86 7 72 21 63 30 69 59 2 30 35 75 43 3 29 7 16 2 85 100 18 85 68 100 13 48 21 13 43 1 33 6 40 42 89 20 49 2 90 16 79 64 29 43 79 91 22 2 21 9 18 36 56 73 32 83 66 53 85 97 52 74 56 55 89 22 52 7 7 97 23 32 81 95 40 26 71 35 55 28 52 79 82 96 6 49 50 78 1 93 16 78 68 17 81 54 14 18 81 62 53 35 18 76 70 64 74 65 99 55 10 65 56 30 83 70 87 87 85 74 99 19 9 53 79 99 12 51 23 80 83 89 8 67 67 59 62 22 62 87 69 56 32 70 68 85 6 74 2 43 28 59 24 65 71 57 11 67 31 34 32 79 25 85 64 42 56 83 4 50 90 55 70 55 53 43 63 80 92 51 83 18 68 39 40 15 99
400 1
77 82 72 91 51 21 72 91 70 27 17 51 69 52 11 82 86 5 7 45 72 84 63 97 90 34 26 94 63 99 75 28 23 34 63 36 46 98 54 37 38 71 49 24 55 98 15 15 60 26 73 37 88 86 82 3 1 30 39 7 90 89 97 58 14 31 65 64 25 19 74 50 78 45 67 56 43 50 79 6 16 72 49 74 64 57 95 56 98 40 13 39 55 12 29 5 74 20 61 91 13 33 44 26 47 40 90 16 1 10 76 95 69 18 11 8 92 59 75 87 19 21 4 60 94 27 84 38 18 24 87 42 2 15 40 70 6 61 5 22 24 67 34 20 8 34 60 42 34 86 98 99 41 63 61 69 81 60 35 39 60 38 1 36 2 44 35 5 21 34 80 17 57 11 36 38 60 52 38 83 18 27 7 74 94 13 6 84 15 60 83 29 73 23 30 49 28 55 69 74 88 91 52 10 9 80 14 18 99 20 46 13 16 10 14 97 54 71 89 49 65 89 66 86 89 53 54 24 2 82 28 56 72 19 98 40 73 45 18 65 89 84 99 61 28 62 50 85 5 15 8 69 22 1 99 27 44 54 64 53 18 28 23 20 10 95 22 73 77 82 94 54 2 11 18 86 66 20 35 69 11 92 37 3 27 52 3 23 99 29 26 95 90 3 97 31 96 14 28 81 92 82 21 28 91 91 68 42 54 14 97 93 61 74 87 97 44 70 28 38 5 35 13 77 53 18 7 68 38 44 96 83 40 70 28 32 11 1 26 44 71 17 83 98 9 73 46 85 49 84 8 22 20 64 83 11 11 59 88 89 51 13 32 6 76 57 58 1 65 45 70 36 34 38 82 2 2 66 1 71 32 5 23 29 41 17 62 5 45 28 95 61 25 68 4 19 44 89 95 17
400 1
4 75 85 50 33 35 52 90 26 94 10 43 26 72 64 72 92 23 22 48 27 55 9 96 23 11 23 97 13 85 10 44 10 76 65 15 50 57 88 96 29 22 99 5 44 41 35 47 8 63 25 19 88 30 55 20 59 60 72 71 80 62 81 23 93 6 5 39 61 89 32 48 9 11 32 43 18 67 93 71 66 100 4 74 1 71 2 36 39 80 5 38 60 63 32 47 17 77 35 40 84 1 68 44 77 21 11 15 99 29 38 4 42 5 68 69 42 34 1 14 2 45 23 87 68 76 25 32 50 100 26 66 100 13 51 85 92 25 94 84 20 45 65 96 35 39 53 54 31 88 49 22 60 13 100 55 19 59 45 38 51 64 22 3 13 41 4 7 41 32 46 55 74 46 97 84 20 25 50 83 6 99 41 11 94 5 57 23 31 20 26 82 97 20 43 89 97 38 96 48 1 98 7 49 38 95 33 5 84 93 70 16 24 54 26 60 53 87 46 61 86 45 89 98 94 45 35 89 82 92 11 31 77 44 76 67 88 50 5 32 32 75 44 26 92 24 60 58 2 26 53 60 20 18 57 72 48 89 73 79 38 59 32 1 13 65 64 79 86 23 31 93 41 92 84 31 100 22 36 39 28 54 54 76 46 84 57 44 28 10 43 31 29 10 71 83 87 10 54 72 100 30 19 21 52 70 88 33 1 15 98 40 68 77 61 6 47 48 85 83 96 77 26 63 76 15 85 23 75 15 24 48 44 54 70 49 93 8 60 23 73 10 78 57 1 81 3 54 7 48 19 16 82 33 89 94 88 63 50 70 34 81 70 78 38 13 70 24 38 76 76 46 1 43 34 48 40 31 55 2 68 40 82 16 61 19 31 54 13 96 18 9 74 19 55 89 52 9 70 21
400 1
97 62 39 5 12 33 76 68 47 90 92 38 9 83 15 71 77 24 24 64 50 10 88 63 48 51 68 63 7 76 95 54 28 89 20 6 5 75 26 49 24 37 59 71 71 22 92 30 24 88 72 100 20 51 70 38 98 14 82 30 84 38 11 82 90 39 42 82 70 24 5 48 81 23 65 68 9 21 40 19 23 10 20 96 17 18 50 91 42 39 38 14 100 89 48 97 6 21 93 5 84 35 45 52 46 72 42 100 44 16 59 50 84 62 66 37 27 24 9 56 23 26 23 100 87 56 80 14 11 64 7 26 48 55 78 44 89 51 27 68 20 57 35 75 6 96 38 86 78 18 100 97 80 59 43 91 67 67 45 1 65 95 22 77 19 57 36 20 6 50 31 11 49 57 35 83 37 41 1 18 46 19 35 72 13 18 39 9 84 16 69 45 31 91 32 64 29 54 92 98 40 66 27 58 11 37 70 4 40 97 84 29 50 10 70 17 29 42 63 2 28 9 22 32 90 70 54 32 8 63 37 14 7 13 87 31 61 19 17 77 6 88 94 73 64 62 18 49 52 89 74 15 1 64 25 10 100 23 29 7 72 60 48 71 97 42 85 94 59 26 61 66 55 87 80 12 19 70 9 57 98 9 77 19 1 74 32 28 53 57 7 86 4 49 92 77 59 47 5 9 81 55 15 97 22 45 86 49 59 69 23 59 75 87 44 35 94 98 83 94 25 21 17 63 31 54 12 19 43 19 40 77 85 39 48 6 82 38 24 7 73 28 14 16 79 75 31 61 7 34 25 23 96 35 79 39 14 3 44 31 73 83 48 66 7 93 84 83 44 36 26 25 91 61 39 70 33 56 25 29 89 54 16 23 40 41 61 48 65 26 78 7 28 45 54 20 88 92 75 62
400 1
71 59 11 74 2 33 59 40 89 48 25 61 48 32 41 86 85 15 86 26 79 49 98 56 28 53 25 79 57 63 36 27 87 11 100 75 58 9 53 84 27 63 61 4 60 36 2 67 79 90 69 82 95 18 15 1 61 38 2 53 81 68 29 10 71 67 40 19 85 17 64 67 38 41 78 44 57 90 46 86 67 6 95 22 67 78 88 97 80 25 14 68 75 14 57 81 40 94 40 41 68 76 51 98 37 76 93 35 85 39 82 57 12 79 30 60 65 61 29 25 3 40 40 48 7 99 19 18 50 22 6 32 67 52 94 41 58 2 89 24 74 10 43 92 62 71 7 7 54 19 91 21 30 38 40 47 85 30 48 70 53 82 68 13 55 3 69 55 6 1 78 3 81 63 59 62 39 59 65 10 8 32 97 68 93 53 2 22 6 7 90 37 86 13 47 36 85 32 67 1 41 35 53 26 92 76 8 57 48 56 71 93 84 19 12 96 73 4 79 58 58 100 71 6 1 33 53 95 88 29 99 44 28 97 34 13 93 89 4 99 56 82 75 97 89 94 67 50 9 25 91 68 40 38 30 57 35 6 84 63 51 44 39 95 51 14 38 77 61 50 98 34 1 85 71 73 2 11 72 5 72 3 11 74 92 7 9 35 11 90 25 69 87 96 59 76 80 73 63 42 93 84 34 100 93 50 49 38 7 25 59 9 85 10 41 25 89 6 53 83 34 19 96 74 26 83 48 87 40 85 72 2 58 69 81 67 33 93 47 69 8 98 70 2 25 78 27 70 19 35 49 87 79 56 82 34 27 11 37 66 47 11 12 83 8 66 47 88 86 71 39 62 65 98 80 61 98 4 26 49 66 97 18 11 41 8 45 92 77 72 24 39 8 19 6 5 84 9 38 34
400 1
22 47 75 88 97 47 40 47 95 96 61 17 79 10 81 100 29 6 92 97 54 10 41 78 59 70 49 79 17 60 40 34 7 25 22 34 64 23 68 3 60 97 37 84 60 39 38 16 31 32 94 62 90 58 47 24 54 98 80 68 28 14 34 93 15 80 75 94 18 32 70 67 51 51 99 81 6 84 69 36 40 100 31 57 67 75 89 79 80 60 57 63 17 39 59 26 96 35 59 37 14 30 57 54 9 97 93 26 90 31 68 34 50 63 60 3 67 65 78 40 67 64 79 23 71 100 54 96 33 98 64 55 14 90 39 94 70 40 43 63 28 71 69 54 39 53 95 60 96 63 61 79 11 1 28 25 35 12 84 31 81 7 55 71 78 4 92 74 77 53 47 35 57 44 14 39 32 15 100 90 31 81 51 12 31 33 47 89 52 66 61 98 13 77 80 91 37 86 7 20 65 10 16 69 79 69 5 78 87 45 11 41 81 98 99 22 89 4 85 43 58 62 97 65 93 32 6 19 57 51 60 75 61 43 69 24 92 89 77 19 68 61 61 2 29 7 54 97 56 2 62 85 34 1 70 68 36 87 7 22 16 36 21 60 70 86 93 84 38 65 68 95 49 96 81 33 36 6 2 70 78 41 71 95 79 86 67 58 22 74 38 86 26 32 38 27 4 51 6 39 48 32 12 69 81 39 61 30 15 37 2 27 3 67 4 87 9 88 27 55 71 53 82 62 66 13 68 80 77 85 79 31 23 50 12 44 35 67 1 46 70 99 22 93 15 5 77 64 39 41 89 85 39 37 48 98 59 12 42 4 22 53 77 74 61 45 91 82 96 64 49 16 77 16 91 13 9 41 54 82 57 24 55 61 33 97 38 61 34 44 34 62 44 43 47 57 82 4 13 96
400 1
19 83 29 40 58 34 13 4 52 15 54 43 54 21 80 77 7 71 11 3 90 90 56 86 12 39 71 20 55 79 92 95 43 7 100 3 17 74 45 77 6 71 83 32 92 37 9 17 96 42 22 20 9 84 41 51 9 88 2 31 72 6 17 50 80 73 18 53 14 9 68 86 53 65 69 37 8 58 27 100 63 80 83 98 87 59 47 48 91 45 1 56 22 77 100 9 46 5 69 12 46 93 24 67 97 40 13 17 87 13 2 11 39 2 18 49 46 25 56 34 44 98 7 80 88 33 18 42 84 90 91 57 66 86 73 42 57 39 69 46 97 56 26 53 2 94 1 90 55 61 77 78 50 86 7 7 26 62 36 83 82 51 72 9 24 38 99 89 51 10 8 18 95 73 79 31 28 20 75 4 44 48 35 99 5 4 97 14 37 99 47 54 49 32 32 37 57 39 55 40 57 77 85 3 69 7 82 35 88 77 13 38 14 18 71 64 29 78 37 15 61 27 12 10 84 6 94 49 28 64 9 93 51 13 17 87 97 3 82 17 70 9 84 77 42 94 98 2 67 7 65 90 51 15 41 77 4 20 44 99 43 37 4 84 1 92 4 45 12 43 94 48 16 64 51 29 48 4 17 29 81 75 3 95 3 74 46 70 81 37 39 65 59 35 90 29 27 98 85 15 72 69 17 77 8 84 38 18 67 30 17 66 11 99 1 11 67 59 91 72 26 30 42 74 53 22 49 62 72 50 40 47 47 34 37 31 44 62 58 11 54 21 10 58 80 95 65 34 59 67 93 6 37 78 13 91 72 38 60 42 53 32 25 47 78 39 54 82 2 46 73 14 52 29 100 93 90 38 79 21 49 89 47 11 48 88 67 91 35 35 61 2 78 93 18 39 24 22 12 57
