10
50 1
16 34 95 100 14 72 8 68 63 37 2 41 65 21 2 2 23 68 91 43 56 40 68 43 46 84 50 62 21 13 48 38 15 21 77 61 16 22 23 94 11 65 63 67 20 43 87 57 19 51
50 2
25 48 52 38 81 97 30 57 66 18 72 44 95 48 6 56 48 54 27 98 89 49 19 18 92 74 13 37 99 30 33 15 97 92 7 32 99 35 82 93 41 83 1 97 14 21 68 5 67 59
50 2
34 80 74 69 58 14 27 67 85 62 25 30 3 35 78 35 91 14 27 61 86 61 3 81 22 15 80 62 48 24 79 53 85 74 27 32 51 55 11 66 99 80 91 31 35 29 73 25 68 1
50 1
1 69 45 46 69 86 50 89 45 58 98 15 40 51 86 89 66 29 66 76 12 95 55 86 17 5 13 21 26 87 77 77 54 53 89 48 83 27 80 41 83 95 61 11 67 7 24 46 30 88
50 2
62 84 75 95 72 65 6 26 18 58 13 54 84 67 64 51 56 88 14 90 56 22 6 84 98 47 49 91 15 97 85 90 69 89 18 38 77 30 96 66 96 32 19 33 71 17 91 24 16 12
50 1
57 7 40 83 90 44 78 73 37 35 72 57 8 16 18 23 7 17 43 16 56 6 64 51 47 45 76 21 57 31 33 37 7 44 14 80 72 18 100 29 86 96 98 26 98 99 74 21 25 83
50 2
78 83 48 7 8 30 17 22 98 17 5 71 37 89 41 81 49 22 80 10 18 92 28 75 51 67 90 40 11 89 90 90 20 95 78 56 49 90 96 74 18 97 63 51 37 20 41 20 39 82
50 2
68 85 62 29 10 12 17 80 27 93 93 11 8 97 61 46 43 54 47 55 47 18 93 27 21 44 40 47 12 1 80 77 98 46 12 99 41 75 90 12 33 57 36 27 78 21 89 34 86 61
50 1
91 25 97 91 34 87 70 53 13 43 21 88 8 45 2 49 76 48 48 6 26 35 69 6 14 65 7 33 23 67 42 56 49 76 54 50 13 93 50 67 9 100 99 18 44 68 54 12 28 19
50 1
28 16 13 32 52 44 49 76 26 94 26 13 19 39 48 55 93 42 76 97 80 97 24 81 37 72 54 27 30 79 81 40 21 95 1 75 92 88 77 87 55 100 60 53 42 67 54 79 16 9
