10
400 1
86 51 9 82 7 61 50 58 55 70 97 65 68 63 44 28 79 4 41 52 94 54 27 61 7 1 52 62 94 83 55 83 20 42 49 99 18 19 87 29 59 65 6 35 34 93 36 53 29 4 17 74 24 86 58 38 86 28 30 64 74 63 52 8 41 34 32 58 18 5 44 60 81 36 37 73 6 47 14 13 11 57 81 90 91 89 53 35 8 97 92 12 11 57 38 33 30 81 35 16 38 78 43 90 59 15 2 67 34 67 18 15 68 12 30 72 12 40 47 33 65 93 65 3 96 40 74 15 57 16 65 90 31 47 54 88 63 27 30 74 4 72 57 40 30 26 72 93 68 40 16 43 98 35 71 9 61 70 11 94 51 65 22 89 62 73 63 25 30 9 60 1 35 14 96 9 41 52 38 39 66 86 68 93 83 79 52 40 21 3 70 24 74 21 24 54 34 45 78 27 73 15 73 96 57 63 35 12 34 18 63 40 75 85 11 46 93 49 21 93 20 37 55 41 95 45 93 28 49 24 35 6 16 31 83 7 29 97 42 59 49 43 66 6 95 24 23 75 13 53 40 82 11 28 59 77 14 43 39 99 4 9 61 53 44 28 83 59 89 42 78 15 71 19 37 93 49 42 59 7 61 92 91 66 74 49 41 56 93 18 88 62 12 100 53 72 51 7 44 58 21 79 9 53 63 79 65 84 21 92 12 76 34 94 2 47 9 38 86 3 89 23 84 15 81 53 56 9 31 79 63 55 61 65 59 19 21 94 36 85 20 58 78 57 94 4 28 34 54 11 41 42 73 75 81 79 49 8 72 98 2 52 5 50 61 47 63 2 49 93 41 73 76 89 54 55 70 62 100 23 66 41 14 61 62 33 2 69 17 43 45 64 60 7 41 25 94 26 47 100
400 2
33 30 85 70 89 63 36 85 2 91 31 97 93 65 93 79 91 72 52 95 89 39 2 15 85 69 87 38 61 23 3 86 85 60 71 73 8 7 51 71 91 19 38 5 27 69 90 6 21 44 43 21 4 86 36 2 38 1 69 81 81 62 62 22 94 23 1 4 19 64 78 73 69 31 24 49 76 33 18 93 4 86 81 12 68 54 22 87 67 48 59 51 23 90 29 56 3 23 48 48 10 46 21 67 89 3 18 6 42 88 31 87 95 74 100 82 3 81 38 36 52 35 80 25 21 91 72 58 86 36 21 7 19 96 53 50 36 49 57 14 95 52 98 2 47 16 33 19 46 100 68 13 56 68 59 75 37 83 80 86 99 99 77 49 41 44 18 25 40 88 83 66 31 91 20 64 4 38 21 24 58 24 34 31 27 30 75 95 83 24 72 44 66 9 44 85 46 15 65 2 62 85 71 70 49 12 16 17 74 65 25 3 5 88 33 54 80 42 63 11 87 67 49 48 64 19 81 1 49 62 86 41 15 38 36 58 25 95 10 100 2 14 94 94 74 97 74 60 16 5 50 68 25 6 27 68 58 100 3 8 1 39 76 91 97 28 26 78 12 98 100 41 12 95 71 78 32 92 13 38 81 52 61 56 92 81 2 35 8 64 26 75 19 13 60 31 14 4 26 67 90 84 31 26 29 43 51 64 22 55 30 6 34 76 16 19 46 26 60 44 14 92 67 44 4 12 89 18 2 40 64 95 65 29 45 36 56 51 35 57 12 59 75 11 85 69 65 94 86 53 78 28 22 8 91 88 86 17 20 49 83 94 68 59 58 97 16 57 37 74 72 51 44 53 30 43 59 69 75 66 92 13 91 77 8 52 56 9 1 60 40 14 91 22 69 2 47 97 22 17
400 1
97 81 50 49 29 87 11 70 37 83 24 57 5 98 27 32 63 90 23 50 26 44 10 12 2 59 39 44 12 9 36 13 26 40 82 2 71 44 77 10 71 63 18 57 8 41 31 19 6 88 31 12 82 58 27 27 90 39 22 45 20 32 71 41 52 4 3 61 79 21 29 39 42 18 63 74 9 40 38 59 19 25 13 42 100 57 48 65 35 92 81 35 68 100 88 83 15 24 25 46 63 30 55 13 6 81 27 80 100 27 26 70 80 35 28 1 62 4 84 30 81 4 38 6 42 57 39 22 59 21 67 20 64 46 97 73 65 67 97 70 34 14 31 43 56 54 51 62 29 39 37 39 54 88 14 77 84 98 92 5 38 66 41 29 44 59 49 10 91 62 53 25 66 7 65 71 92 12 73 13 79 57 21 81 57 20 75 64 62 2 100 59 5 19 68 44 56 68 41 35 17 47 56 86 77 57 10 7 70 81 19 93 35 39 58 51 14 94 60 45 59 49 34 49 90 33 23 66 52 87 21 67 85 49 81 86 53 27 31 8 13 59 26 51 76 4 88 9 45 22 68 9 66 87 66 6 97 3 15 28 53 55 25 91 24 15 35 26 45 2 83 6 5 70 48 74 3 95 12 38 53 90 67 70 6 22 7 12 81 5 40 24 4 28 33 9 13 88 99 13 57 54 89 64 69 1 11 45 51 62 94 29 38 98 99 57 79 87 67 80 92 70 12 34 95 25 20 59 89 5 24 77 69 51 48 48 15 28 42 16 62 10 15 91 71 69 16 63 65 35 22 3 95 53 33 41 67 3 54 12 74 58 45 73 34 15 47 27 25 33 72 89 24 33 4 89 71 17 52 22 55 59 43 72 46 100 18 65 93 57 45 44 19 31 39 90 97 84 67 74
400 2
67 57 30 2 72 15 87 100 59 39 11 15 21 64 29 7 55 13 77 60 33 24 5 47 47 15 13 17 36 37 89 53 15 86 74 5 14 38 71 51 99 15 45 70 91 10 100 23 22 60 100 2 38 81 50 6 49 72 93 38 37 14 31 80 63 78 30 35 81 10 28 100 23 93 87 6 67 23 12 31 62 81 68 51 62 91 100 45 85 47 65 1 70 100 20 26 99 58 76 25 4 41 42 10 48 4 21 89 51 60 4 86 69 22 19 74 8 19 94 31 11 53 16 43 22 37 29 42 13 80 10 74 94 87 97 31 6 64 14 70 43 12 96 4 64 94 9 95 80 79 33 100 67 5 46 47 20 26 47 37 45 29 98 2 91 71 81 97 22 56 43 49 22 79 86 48 80 79 89 83 50 24 26 13 48 56 41 46 93 29 75 70 86 29 8 41 46 85 55 49 40 97 62 82 76 7 99 98 66 84 92 14 59 99 78 53 2 15 5 70 71 34 2 69 46 78 88 54 67 80 53 35 17 39 11 67 10 3 46 16 44 12 88 26 62 65 29 99 97 94 100 81 11 26 80 73 26 18 80 79 97 37 61 85 73 78 57 80 89 48 5 92 4 11 16 26 98 42 75 38 13 94 16 49 29 96 55 17 56 11 42 90 1 45 29 93 87 95 21 98 26 3 51 44 76 72 3 45 8 28 54 98 61 34 45 40 75 25 1 81 14 25 25 87 35 4 3 66 4 13 25 26 91 98 13 18 18 48 40 6 30 95 76 7 66 33 4 64 32 36 47 4 87 19 40 12 93 60 100 2 58 1 93 64 43 83 34 98 69 17 8 51 45 51 27 44 100 81 91 72 1 13 82 5 69 35 24 85 9 78 46 61 93 89 6 33 77 70 21 43
400 1
29 14 11 78 2 35 96 62 61 97 3 62 52 63 10 68 74 57 10 94 34 4 25 39 59 14 61 65 92 89 77 94 74 34 60 17 51 84 23 9 37 61 76 36 19 62 23 29 77 5 49 11 39 98 93 27 36 91 13 81 77 52 4 68 61 89 34 50 75 7 16 85 68 100 60 34 91 42 25 26 11 53 67 5 82 22 98 80 71 19 100 49 65 56 72 81 65 100 25 32 33 33 77 69 90 99 5 47 92 88 7 67 6 35 62 27 65 31 94 31 33 66 14 61 80 45 39 95 17 77 67 14 86 22 97 36 61 13 95 81 58 89 5 43 83 91 54 51 21 97 66 96 48 9 40 32 78 29 64 27 6 15 43 40 67 44 18 7 32 87 21 63 13 50 35 79 33 35 54 47 52 46 39 92 70 63 100 85 98 39 48 37 82 6 20 28 89 95 99 73 47 32 16 87 63 44 29 15 52 17 38 31 33 32 38 20 19 16 42 66 23 88 34 54 13 16 66 99 50 56 86 63 51 95 27 65 64 27 94 2 84 38 79 86 68 80 54 73 11 58 78 43 79 55 1 16 76 69 89 82 34 1 95 80 51 79 99 58 29 3 32 99 32 17 11 63 84 35 98 69 66 3 95 30 59 46 49 76 25 86 17 99 80 37 21 77 12 56 17 2 79 16 69 38 8 98 55 2 67 84 66 49 32 93 93 17 59 46 2 64 62 95 51 27 39 37 75 54 9 54 18 87 43 62 1 66 60 72 18 46 27 28 32 64 13 47 46 69 13 84 99 95 27 73 34 8 61 32 58 32 70 76 81 63 49 12 59 18 66 89 67 21 5 9 85 90 68 43 100 20 64 71 1 77 64 84 90 52 34 39 73 22 69 88 68 52 88 89 66 99
400 2
5 8 79 80 47 94 76 31 1 71 15 9 39 19 99 41 98 42 6 45 100 65 71 93 51 44 96 76 14 36 59 80 26 58 19 83 47 41 60 65 71 95 99 36 52 82 15 57 74 3 35 72 44 89 3 80 13 95 63 30 64 10 17 35 9 20 20 93 63 14 51 36 52 20 15 68 70 92 78 74 64 76 37 9 42 16 29 18 28 87 6 45 95 49 78 56 44 17 64 73 12 95 50 1 47 16 7 6 21 99 8 69 63 85 44 20 84 69 99 51 23 94 63 85 28 10 34 88 72 61 65 34 22 71 40 20 56 1 54 28 34 71 6 78 18 88 67 22 86 23 3 8 67 60 82 89 17 12 40 60 37 75 42 34 68 64 86 39 31 4 36 11 54 90 51 26 70 31 5 12 23 86 71 16 88 58 97 80 23 77 83 71 21 92 14 91 71 23 5 48 86 25 9 30 93 63 88 100 75 4 79 20 76 82 23 98 70 9 16 31 59 39 91 97 59 41 48 51 57 7 61 78 58 84 68 74 99 93 9 33 23 25 35 42 73 25 11 78 15 33 66 29 79 23 64 88 21 60 76 80 62 55 19 6 95 91 95 84 80 49 47 67 26 46 26 81 36 12 31 74 9 45 93 78 1 31 36 59 2 42 5 97 95 99 81 13 96 49 51 47 70 28 43 20 38 41 78 67 65 53 23 65 2 51 85 6 98 53 86 66 98 81 48 54 61 83 46 44 71 10 98 25 14 31 70 61 13 10 61 8 89 51 27 76 57 97 42 1 63 4 81 98 79 91 76 99 89 34 100 69 24 95 53 36 41 2 100 71 16 56 29 50 31 29 91 24 92 14 57 26 14 69 18 21 68 61 72 63 71 100 41 65 7 95 7 67 30 14 9 88
400 1
5 89 11 2 32 17 87 75 41 21 19 36 37 65 32 13 25 69 11 85 84 36 5 19 4 16 61 84 42 78 70 59 31 95 40 94 90 21 72 71 22 92 68 76 65 67 89 63 35 7 38 77 88 17 18 71 18 61 2 27 32 50 26 60 30 92 12 16 82 100 26 99 13 60 12 9 87 41 11 81 52 46 60 68 66 89 86 6 5 85 58 93 81 100 27 52 19 95 4 94 83 78 12 59 63 13 79 83 8 21 6 26 43 44 66 81 2 67 1 49 50 1 62 93 65 14 64 35 17 19 14 7 46 99 53 72 53 35 36 95 37 7 64 42 1 35 76 2 74 86 29 81 38 83 14 33 37 24 63 30 40 24 99 55 41 36 54 65 40 18 8 67 46 16 94 81 59 73 43 42 5 10 59 26 17 82 19 44 95 16 1 34 26 49 48 45 56 11 46 54 76 88 42 70 76 31 37 82 70 39 3 40 69 38 60 12 39 19 63 26 21 64 85 78 26 88 80 92 24 6 99 82 62 99 20 2 65 29 18 21 74 86 26 55 92 56 99 14 75 46 82 19 17 31 95 10 69 82 36 19 3 68 53 83 4 21 8 59 16 64 49 30 59 65 5 65 100 50 55 76 72 85 41 22 71 86 82 2 82 51 32 70 45 12 13 24 49 38 37 38 14 91 2 80 99 66 45 44 40 87 41 76 45 74 27 23 83 86 75 93 89 86 87 46 92 36 66 1 29 92 99 100 91 48 84 49 9 11 52 32 46 36 3 45 40 46 75 73 61 63 45 59 100 31 29 63 23 59 100 68 27 70 66 20 13 16 86 63 32 25 8 20 12 6 78 59 99 52 23 58 58 12 25 84 53 58 81 59 16 17 3 32 90 48 35 49 52 90 4 73
400 1
83 72 42 24 52 37 86 32 18 82 61 35 15 34 21 76 84 86 66 12 89 5 98 100 16 68 49 45 46 69 75 18 85 3 80 50 27 68 31 59 97 75 29 60 21 27 63 80 79 10 56 86 83 10 9 74 72 16 100 23 23 95 38 27 36 98 26 43 44 14 20 96 40 78 83 42 6 56 19 14 38 92 85 1 34 62 72 75 91 94 37 83 61 92 81 27 94 28 91 56 98 23 32 71 45 41 11 18 85 85 49 62 46 59 7 57 82 57 71 38 83 56 22 6 13 30 2 4 91 86 60 77 39 32 1 71 3 72 48 88 25 75 74 35 92 98 63 22 13 73 48 12 36 68 43 50 71 85 42 61 9 33 2 59 11 40 82 1 59 6 95 46 54 18 23 93 12 26 90 74 80 48 58 67 91 20 20 50 8 32 67 41 83 76 54 21 62 90 28 88 10 97 28 29 22 56 37 91 82 43 72 61 78 35 1 5 37 2 42 39 51 11 94 62 91 83 64 41 36 25 92 45 32 43 96 94 3 38 57 15 67 23 9 46 50 81 50 60 16 86 85 88 3 2 17 44 79 44 100 18 62 92 26 60 31 92 36 56 16 52 27 26 32 5 9 84 78 21 33 93 49 11 58 64 20 61 77 11 81 41 65 83 79 27 98 92 49 56 49 9 59 55 87 16 95 72 45 87 62 32 41 12 8 25 76 81 18 17 42 33 57 18 72 92 95 28 12 56 5 90 79 53 66 76 64 85 38 48 41 86 100 100 83 91 58 54 66 92 22 33 94 45 10 85 92 98 46 42 18 43 34 38 60 2 88 83 15 54 62 42 93 56 97 14 33 18 24 17 90 87 48 23 75 88 31 46 46 62 78 100 27 6 32 35 26 97 36 97 15 68
400 1
72 83 13 48 19 82 43 68 65 90 37 12 47 54 76 46 65 1 37 82 26 30 10 6 17 14 24 26 31 78 43 62 97 85 3 71 81 36 8 76 9 36 14 16 94 28 56 84 96 41 85 25 46 61 52 75 35 4 3 70 11 8 23 21 97 50 20 99 71 9 94 43 30 63 25 7 72 50 9 49 44 6 100 59 32 67 100 13 46 26 96 60 79 61 55 93 21 61 71 96 96 14 74 100 64 16 78 29 37 30 72 45 83 32 65 79 77 79 32 1 50 43 13 66 54 97 58 4 87 61 26 27 8 66 64 54 57 4 87 69 34 71 69 34 82 68 19 81 50 76 37 62 8 36 77 98 39 41 29 17 14 20 18 83 98 10 52 75 100 71 52 45 94 99 27 58 96 69 28 97 49 37 69 33 31 80 91 36 86 65 29 55 5 98 48 86 27 84 53 73 84 78 64 60 80 14 65 93 41 52 24 94 9 84 22 14 52 54 57 95 17 18 39 63 85 96 79 69 85 45 77 27 38 72 2 61 9 30 29 65 84 58 81 73 57 48 36 63 13 28 81 64 86 35 75 40 99 53 83 83 46 67 79 3 35 21 96 52 23 63 54 73 17 46 90 1 63 13 4 46 4 62 31 43 21 90 80 1 83 68 44 89 84 6 56 62 53 84 2 58 37 41 37 48 94 89 55 55 60 34 26 69 82 53 77 24 54 80 32 35 48 70 24 70 43 86 49 6 12 100 75 23 8 18 45 84 45 61 71 57 49 61 29 18 81 3 18 12 99 52 84 1 64 60 96 25 9 79 36 54 17 98 33 52 58 14 58 48 14 90 73 25 84 56 62 35 11 61 66 55 15 95 53 29 60 93 93 21 11 17 68 37 77 92 32 98 67 85 68 50
400 1
1 6 71 39 73 30 62 97 57 89 71 4 36 99 11 57 95 10 18 39 27 36 3 10 98 47 19 100 23 84 92 67 98 80 91 82 96 48 33 9 44 69 78 27 45 29 14 46 69 19 56 77 27 92 55 39 13 70 40 72 2 85 55 17 51 52 96 57 57 66 44 83 57 9 89 97 72 41 65 55 96 8 9 8 2 70 24 75 47 36 71 61 82 1 27 25 53 64 11 48 8 40 37 34 12 14 15 10 74 17 4 8 4 87 58 10 20 8 93 63 65 15 29 52 30 3 40 70 17 2 84 53 45 78 86 48 80 91 33 91 13 39 26 84 67 56 75 34 52 100 36 76 6 32 92 95 40 18 82 14 99 33 55 35 19 60 78 20 22 34 8 98 7 35 54 53 19 98 51 95 33 1 71 87 78 36 46 58 73 10 52 57 22 94 1 56 98 1 6 87 77 29 79 67 20 53 35 43 66 37 13 96 9 16 92 81 45 98 5 89 67 9 75 47 60 59 41 15 96 77 30 15 23 96 81 25 84 47 9 39 45 70 43 87 31 6 70 76 100 17 78 99 87 30 93 77 98 91 87 32 12 24 53 32 85 27 15 83 97 13 53 67 72 66 95 44 67 67 26 51 69 17 59 55 34 34 8 66 81 13 42 18 99 49 13 81 5 89 69 70 42 65 96 31 83 93 24 3 70 8 33 63 83 51 96 95 21 1 5 41 25 42 68 11 4 31 71 46 24 75 32 44 53 42 23 82 34 31 30 96 85 55 29 89 75 96 60 52 27 38 25 55 39 68 35 25 85 94 59 15 27 29 57 34 42 41 76 67 3 16 2 9 37 32 92 70 35 99 32 97 92 60 86 57 36 18 90 11 80 11 40 55 89 15 15 62 48 63 23 50
