10
400 2
90 52 17 33 36 91 13 29 66 27 28 14 42 30 49 64 79 89 58 77 37 35 86 40 85 68 78 78 55 9 17 48 37 9 59 15 25 74 74 99 41 32 89 54 40 32 50 8 70 16 27 47 88 68 79 5 48 94 14 69 45 13 40 58 96 97 26 58 36 63 13 1 69 39 13 4 9 55 12 91 59 98 59 23 52 90 92 49 43 52 2 24 4 99 17 62 40 16 49 13 63 63 66 48 54 70 97 96 20 29 80 11 99 27 54 87 100 80 92 9 78 37 94 35 80 70 20 71 67 21 3 86 85 71 47 53 37 90 64 52 45 3 48 64 87 16 84 67 51 21 32 51 52 57 19 75 24 33 3 94 35 94 68 71 9 48 93 63 98 75 69 20 14 66 59 15 18 59 32 38 45 93 89 62 79 62 64 34 45 54 63 37 84 86 90 76 76 49 31 19 46 73 95 52 53 54 95 77 93 18 28 49 38 16 60 56 52 96 61 26 13 31 16 97 10 97 21 84 30 23 96 86 2 13 53 100 35 47 17 75 99 98 32 73 49 37 27 48 89 50 77 68 27 11 51 93 95 23 43 95 51 89 24 71 11 91 61 29 73 50 13 2 46 90 17 91 23 72 86 7 30 43 72 60 60 93 28 63 19 11 63 16 93 52 78 5 17 32 49 17 70 2 65 86 92 44 6 90 89 4 54 85 14 52 93 24 91 5 78 36 56 54 23 47 14 43 82 24 38 26 43 25 9 64 59 59 51 10 34 61 37 4 3 56 21 47 55 96 76 8 72 27 94 29 47 26 70 3 73 11 25 50 46 2 56 38 85 9 22 42 57 91 37 54 83 47 33 95 56 44 41 80 10 87 26 72 82 60 3 6 4 69 66 64 39 43 6 85 99 49
400 1
17 14 26 50 1 91 52 62 25 32 100 86 12 23 25 38 49 61 9 47 40 1 9 21 91 89 28 78 66 29 88 17 80 91 99 15 29 50 5 75 99 6 46 49 61 38 44 10 71 85 35 36 90 69 72 97 32 61 22 94 56 66 49 70 5 48 64 17 16 98 70 75 32 35 8 86 60 92 5 9 74 75 100 40 36 7 88 97 75 3 68 11 8 58 45 49 35 32 72 18 21 59 24 55 30 33 70 28 95 40 93 60 93 59 94 17 99 7 73 49 2 27 33 97 94 75 6 55 5 26 6 22 83 58 32 19 17 11 27 6 22 70 36 91 81 63 55 53 67 25 91 15 58 64 80 99 86 63 18 40 46 7 23 92 26 64 26 26 14 49 28 20 4 26 29 45 7 14 69 11 95 3 4 48 42 43 8 5 39 60 1 41 43 90 37 63 55 11 87 35 81 29 31 81 58 29 37 96 83 20 28 43 52 99 71 81 98 27 82 3 19 78 87 43 65 25 56 18 23 74 39 2 11 57 53 41 67 72 90 15 72 10 48 24 55 79 41 11 55 72 56 46 85 74 55 24 47 4 50 64 90 16 75 93 90 95 9 49 73 31 6 28 50 27 43 67 72 63 66 77 13 71 100 37 32 85 26 14 11 82 10 84 34 48 66 99 94 67 7 66 26 45 95 53 42 7 11 49 17 66 43 69 15 90 63 48 28 19 44 35 82 58 24 41 88 72 96 88 25 43 74 97 88 88 83 74 24 43 68 94 39 19 18 40 2 38 65 87 83 49 42 77 9 66 39 36 5 100 48 88 61 77 38 82 36 96 10 67 2 89 77 20 46 43 31 32 30 94 94 93 83 32 88 41 80 54 33 11 47 22 66 84 30 69 100 80 49 85 95 7
400 2
2 86 91 93 78 92 23 13 4 18 52 87 63 80 75 50 19 70 61 89 88 29 24 70 75 3 56 3 10 74 8 19 36 19 90 60 8 51 99 53 29 12 64 40 71 31 49 37 31 60 34 37 92 54 99 6 66 39 89 62 64 88 51 89 23 77 53 22 8 99 59 81 57 34 2 88 88 15 84 13 29 89 59 5 7 90 20 17 82 5 54 73 33 24 62 5 34 59 13 54 61 19 45 5 46 35 35 86 87 1 72 48 20 21 78 4 28 88 99 51 29 7 64 69 61 51 32 14 52 74 93 9 81 19 51 53 8 44 34 24 68 13 39 45 10 54 52 84 67 63 50 69 27 16 31 41 32 77 36 88 21 13 67 84 89 60 45 61 1 34 41 32 25 30 20 2 57 15 38 21 84 18 54 62 11 55 84 97 9 69 47 76 51 30 36 1 30 19 27 10 94 18 94 89 74 21 47 66 42 46 44 6 7 65 93 21 17 40 4 69 18 98 31 53 34 52 33 44 24 92 13 70 18 62 79 87 68 62 3 40 98 57 55 19 12 42 68 97 69 23 81 92 30 10 95 63 24 100 64 69 70 99 97 37 38 9 100 37 63 68 34 79 27 13 40 94 4 42 28 28 30 37 61 4 3 56 38 36 22 47 11 8 39 68 52 45 71 33 22 61 98 66 26 100 73 9 93 1 41 93 68 66 94 9 85 96 25 42 91 94 70 16 77 9 82 28 52 33 84 39 70 65 59 61 94 71 5 86 10 39 34 98 63 84 86 70 32 60 69 27 82 51 97 69 76 71 93 47 80 85 15 31 27 69 67 83 78 9 75 19 67 27 70 17 9 92 95 92 75 50 39 9 82 22 60 23 70 3 67 22 88 88 100 89 27 74 18 71 21 66
400 2
89 50 99 53 96 90 64 4 8 90 10 61 52 68 61 80 35 49 2 29 89 73 32 27 59 51 46 63 87 57 46 90 42 42 43 93 5 49 78 52 54 30 78 76 65 82 46 14 98 69 47 98 39 79 8 6 86 66 69 99 34 46 89 84 11 76 52 68 89 96 48 17 70 5 52 65 41 31 64 85 43 8 5 6 44 21 12 64 64 25 11 26 77 48 70 36 85 55 78 81 45 2 21 67 31 64 94 97 35 51 9 83 73 98 69 89 15 54 60 4 13 10 33 46 89 57 37 72 51 83 75 4 66 73 48 62 4 19 100 64 66 5 48 66 70 72 92 89 86 13 87 48 47 59 67 67 32 71 94 17 48 91 76 17 34 4 47 79 30 56 56 5 87 15 73 44 99 98 86 29 80 51 24 41 76 18 34 60 68 68 56 11 17 89 29 41 79 90 29 37 91 34 95 42 42 67 49 94 85 14 1 96 38 43 1 21 93 45 29 77 43 80 6 4 88 40 44 61 29 61 51 23 8 84 97 50 45 76 36 14 76 45 25 37 25 57 100 21 72 24 93 25 16 24 65 63 58 100 40 84 61 84 63 57 94 19 10 6 84 74 38 83 74 96 60 89 19 37 17 23 22 37 64 67 5 20 17 31 72 61 5 53 12 79 34 16 99 86 53 4 79 31 2 62 25 91 2 17 63 79 86 90 47 47 20 87 34 39 95 59 66 35 61 75 66 38 11 62 13 21 98 37 98 3 57 25 29 54 73 29 61 50 90 88 59 6 37 26 10 93 18 86 91 33 80 45 81 100 55 70 99 88 49 77 56 26 14 99 74 54 85 16 93 95 21 87 1 64 29 15 10 47 17 99 53 63 92 64 56 26 23 79 33 69 70 79 90 36 49 16
400 1
62 74 97 75 33 100 55 43 90 28 21 36 74 54 94 97 100 88 7 36 5 46 18 11 56 25 25 37 27 72 57 30 67 33 30 83 16 77 1 3 4 51 18 30 35 68 73 25 52 4 58 36 98 57 19 45 4 48 93 89 25 23 47 8 58 76 55 58 24 6 76 4 93 60 38 83 100 38 8 19 44 90 13 60 28 15 27 13 94 21 52 66 48 44 7 35 54 30 6 31 53 19 84 60 22 83 54 95 99 55 36 7 92 32 3 98 36 99 51 98 76 49 4 29 8 97 86 43 98 93 63 53 44 68 89 24 42 77 98 57 80 70 73 12 3 24 52 49 73 81 9 56 92 50 99 8 30 4 43 28 17 8 25 31 20 11 17 62 83 67 47 20 1 98 48 21 99 44 3 73 22 46 12 27 8 32 36 83 87 78 55 46 82 42 47 83 67 95 47 38 18 3 92 74 8 74 26 32 34 88 96 59 53 20 76 90 64 42 44 40 95 53 12 49 97 17 51 46 38 25 58 91 54 67 40 37 69 62 19 81 86 54 9 46 75 82 66 15 38 61 68 91 100 87 53 52 93 29 29 78 87 13 36 46 98 100 11 24 58 51 41 60 28 13 53 30 52 8 78 89 9 20 40 74 49 56 70 46 39 98 43 2 81 100 63 36 37 55 95 100 89 66 2 43 98 28 4 36 23 82 50 63 59 93 18 98 73 30 39 56 49 20 6 50 82 25 77 36 46 52 59 58 47 73 85 99 4 25 92 85 87 60 69 56 99 69 93 55 52 74 37 10 50 16 43 93 96 83 22 85 1 34 64 42 70 86 55 18 58 21 28 25 18 46 78 61 85 62 11 24 72 50 48 96 15 81 87 94 51 95 99 21 52 29 7 61 10 91 84 90
400 1
64 6 33 66 12 41 42 53 91 75 9 4 79 97 46 91 46 38 3 25 49 37 65 1 7 17 71 90 54 69 12 81 93 97 56 59 62 60 84 91 19 22 11 25 61 9 19 63 81 3 83 53 6 81 40 98 55 19 15 44 21 91 24 2 41 53 55 60 27 74 8 2 26 4 89 47 92 95 68 27 71 44 93 68 61 68 75 40 17 27 29 66 51 55 96 81 31 18 60 74 50 69 16 30 70 21 48 51 18 61 19 15 58 53 70 30 95 52 96 38 1 93 80 82 49 41 34 85 17 20 71 82 6 94 43 59 88 21 59 95 7 89 22 39 15 40 91 32 47 64 24 53 19 56 69 44 5 72 11 24 68 27 5 30 4 19 18 55 91 1 77 16 34 1 13 12 94 27 81 60 11 41 36 4 42 10 17 10 5 32 51 36 18 98 75 15 18 44 40 29 76 69 96 5 87 94 92 4 80 99 87 9 59 89 18 99 97 23 50 32 84 89 18 57 83 62 81 71 44 42 30 22 38 49 32 7 39 22 46 26 89 29 17 43 7 4 45 43 86 32 48 59 44 2 64 61 37 70 94 56 5 9 77 15 97 81 91 83 58 39 10 34 68 23 39 81 34 57 13 85 54 68 3 32 11 1 89 86 91 21 4 31 34 37 92 96 91 8 49 52 29 48 9 43 23 35 91 43 36 98 56 34 53 51 80 58 41 40 3 87 10 89 57 48 83 69 16 91 50 89 29 53 31 92 63 81 56 96 87 75 14 2 7 45 37 17 3 99 61 67 79 86 85 56 76 72 26 85 10 4 24 94 36 41 22 81 70 9 22 33 31 94 88 41 6 30 66 29 89 57 14 23 74 43 82 61 59 89 87 66 56 50 54 38 34 74 9 87 69 75
400 2
24 30 74 44 35 52 86 8 33 15 36 37 97 23 56 87 46 79 52 76 83 41 96 47 68 2 82 85 94 56 57 97 93 98 82 90 13 63 61 83 91 54 89 30 17 83 77 13 46 72 15 63 77 99 5 93 100 85 82 72 80 47 75 18 72 92 46 80 8 42 78 93 27 10 76 96 36 15 33 98 61 4 24 52 60 90 57 29 6 34 80 13 7 19 32 44 68 80 64 70 92 17 52 71 53 6 18 2 67 16 87 32 70 43 44 36 59 58 79 76 90 32 72 54 5 42 98 60 52 20 100 46 86 68 14 69 78 60 33 61 31 87 62 19 17 89 23 59 25 54 81 46 88 59 74 82 14 1 78 80 93 19 59 78 5 95 15 63 54 62 14 87 74 35 6 41 48 87 48 76 63 100 64 44 64 86 93 76 49 24 73 80 38 29 93 100 6 50 77 6 65 54 15 71 98 49 14 94 26 17 4 97 57 8 96 36 78 31 41 11 98 26 73 12 87 9 42 75 58 15 91 16 46 66 90 74 41 12 86 27 39 61 55 7 55 18 89 26 30 92 1 78 85 34 14 85 87 23 59 65 11 55 20 41 64 61 92 45 45 60 45 25 60 18 66 42 50 29 34 12 67 97 60 77 57 33 99 68 72 25 13 69 63 67 28 95 49 66 71 10 64 67 93 72 16 11 97 79 59 8 38 5 40 27 39 18 64 95 5 91 31 39 36 98 95 10 5 54 47 14 44 34 54 4 43 54 9 66 11 80 100 93 4 68 42 13 63 61 53 4 66 87 11 39 21 37 79 50 10 4 83 61 57 5 33 71 91 24 26 36 17 60 96 56 96 88 58 3 88 13 88 53 32 24 62 8 92 26 95 16 100 34 30 23 59 70 71 16 36 66
400 1
47 3 26 54 30 7 63 30 91 23 87 40 23 99 68 59 27 26 4 87 84 79 93 5 60 49 5 27 31 10 76 76 73 75 63 59 28 92 65 46 48 7 4 43 93 8 13 25 94 53 49 37 54 56 10 68 29 14 18 48 22 9 69 20 64 26 76 59 93 75 57 94 3 21 12 7 23 87 38 69 62 81 96 81 47 75 56 14 97 53 74 33 50 69 33 67 27 29 27 52 89 57 14 77 12 71 40 99 5 96 64 62 30 14 74 2 93 4 14 49 89 100 1 76 18 19 21 6 18 3 57 97 14 86 65 46 2 91 40 56 82 71 1 67 47 58 7 24 20 88 97 92 90 40 43 49 81 6 48 3 91 60 15 86 20 38 28 11 99 84 75 31 71 55 89 9 76 40 79 52 28 34 58 51 26 8 92 15 12 36 45 71 80 72 30 43 7 49 25 57 69 66 64 65 79 45 52 17 14 91 89 56 73 87 41 35 67 10 100 42 5 49 54 68 95 26 4 47 88 16 25 73 64 26 81 85 82 94 82 57 63 13 54 61 75 41 33 23 25 85 54 4 98 20 27 92 48 10 64 94 64 30 86 44 51 65 11 12 78 78 68 74 20 70 53 65 31 70 51 88 19 57 88 9 10 62 10 33 89 48 36 56 27 70 41 76 33 53 36 76 5 76 38 84 14 33 2 40 79 94 54 13 20 57 26 69 98 70 85 49 43 78 33 51 51 21 71 54 97 24 81 9 80 34 44 46 39 30 67 64 63 89 40 31 2 36 33 4 67 99 42 95 55 18 37 9 37 97 87 33 24 61 24 94 39 84 5 72 16 89 54 6 68 26 57 88 2 51 88 20 97 55 11 44 71 16 75 84 71 19 14 55 67 56 1 53 87 90 72 60
400 2
16 75 41 46 47 50 76 63 87 34 46 28 94 91 18 26 62 99 87 7 30 94 58 93 60 12 16 18 15 64 65 94 97 89 1 75 50 5 19 5 13 96 38 42 30 65 77 9 6 47 63 66 76 25 93 56 37 61 41 62 52 16 89 54 71 75 56 72 16 85 33 1 51 29 15 88 24 29 51 6 34 98 41 73 21 75 5 42 13 34 93 75 91 90 75 33 25 92 30 33 88 86 62 75 42 25 3 47 5 54 22 42 46 98 47 21 44 1 30 48 61 20 1 21 74 41 17 92 36 20 36 44 80 32 64 63 82 84 10 81 62 9 52 20 61 8 35 89 38 36 97 88 93 88 89 16 40 47 2 13 71 62 92 90 22 60 23 83 9 3 40 56 70 55 35 29 29 66 58 74 14 68 47 39 29 68 23 75 32 49 5 4 50 63 6 61 30 78 67 59 41 58 87 42 31 94 49 7 46 38 76 40 79 3 16 69 75 86 5 48 88 73 23 46 79 15 99 4 83 9 42 86 76 19 59 1 71 27 58 91 97 53 42 53 47 100 14 14 27 32 90 34 70 94 10 30 61 46 61 56 54 87 12 51 4 36 73 48 32 29 82 67 71 99 60 63 72 18 91 42 33 40 89 72 89 97 27 62 14 93 69 85 56 49 34 45 21 22 14 83 43 28 91 57 38 34 46 58 47 81 80 85 34 45 37 23 98 39 37 40 49 74 98 6 93 60 2 92 14 50 93 46 3 65 3 22 38 21 41 64 11 66 46 58 88 36 97 15 6 83 94 23 64 58 1 57 2 30 21 57 86 23 94 31 46 1 95 96 67 24 95 14 11 11 34 14 42 22 23 30 94 27 82 86 82 51 79 93 41 67 37 60 87 64 85 27 29 91 94 10
400 1
99 8 8 35 64 63 12 58 4 48 74 60 21 35 22 37 97 15 67 96 27 22 6 4 28 75 54 18 13 19 67 14 11 78 74 43 27 56 65 47 3 64 56 35 17 52 8 55 52 51 94 86 12 14 16 69 35 4 85 30 85 37 16 62 18 98 65 64 38 83 34 86 88 11 83 89 39 65 82 81 72 99 60 11 35 64 29 22 82 38 88 60 11 24 38 40 22 94 1 9 89 42 97 83 41 88 10 21 69 22 7 17 51 78 34 29 65 44 32 44 66 64 64 91 75 47 76 37 30 75 50 85 57 7 21 44 71 53 94 4 37 34 100 29 11 38 35 97 49 85 47 30 73 37 76 13 20 42 7 62 64 19 90 72 33 70 61 4 14 39 59 51 67 6 11 39 20 11 84 77 36 28 3 68 48 89 37 98 94 66 24 7 35 4 89 20 9 32 24 1 97 50 99 89 79 86 51 11 29 58 77 52 34 89 88 99 49 11 20 18 61 82 8 77 20 57 89 49 60 73 10 34 50 4 28 99 98 31 63 87 10 34 100 95 85 55 98 83 95 11 9 46 2 99 53 35 42 85 95 71 90 4 46 97 17 66 73 22 8 39 77 74 70 88 51 8 55 21 35 6 62 13 32 83 66 75 95 33 94 64 20 93 2 45 61 91 24 38 2 68 70 83 76 81 98 43 40 35 28 41 56 37 36 33 19 91 28 11 78 77 78 83 63 12 19 86 3 37 50 9 72 42 51 45 4 33 100 76 80 54 62 60 97 84 17 78 22 44 61 50 14 40 7 49 43 90 61 10 31 18 95 55 59 39 3 7 56 60 50 63 12 46 52 87 4 72 20 42 91 82 37 55 41 60 27 75 80 90 90 29 70 61 80 46 78 53 38 39 75 68
