10
400 1
67 99 2 37 34 38 95 70 85 35 14 42 6 19 21 77 83 44 25 22 99 31 1 67 24 34 62 92 94 33 61 23 69 31 15 94 40 55 63 97 57 25 88 32 55 33 17 22 36 54 26 52 63 28 78 45 33 22 51 32 64 76 7 6 92 86 66 8 36 41 61 41 85 80 51 96 86 83 85 37 96 48 13 21 92 54 24 36 70 90 61 87 17 3 16 25 96 12 21 75 58 89 19 48 12 68 57 54 1 34 66 37 75 73 42 90 27 42 39 75 66 3 85 18 100 17 83 51 15 32 28 80 28 64 54 21 21 83 94 47 63 82 42 40 48 66 9 96 25 84 28 43 70 62 78 3 99 8 12 29 81 29 97 56 24 77 92 61 30 94 74 50 37 63 38 19 83 28 42 8 93 54 90 70 15 57 54 9 2 6 63 31 31 28 12 1 69 92 83 54 41 37 19 40 26 59 44 66 37 93 2 90 81 58 99 88 43 84 88 61 72 80 53 79 61 61 78 20 24 70 89 18 30 6 11 5 75 60 25 53 67 27 11 96 23 75 69 18 16 44 1 65 10 74 53 70 39 46 100 19 20 41 24 32 66 9 33 43 1 53 12 3 13 87 44 98 85 2 56 27 17 47 10 75 36 45 100 16 92 7 51 99 11 87 82 13 94 71 71 65 79 73 47 80 58 68 25 45 92 6 16 47 56 95 91 43 23 73 77 26 13 56 20 98 100 69 88 10 48 31 44 87 67 28 66 77 93 36 24 48 82 6 94 37 55 33 2 16 96 65 59 18 14 22 77 38 58 95 17 1 24 72 57 54 56 63 55 21 27 88 49 96 51 55 32 41 19 58 45 66 40 35 93 18 46 21 47 54 71 96 72 83 28 85 84 45 1 44 95 82
400 1
51 32 28 10 89 46 100 9 72 74 35 53 60 93 79 8 68 5 90 13 57 11 69 73 6 14 81 98 24 93 94 47 76 98 22 78 72 56 38 43 32 39 26 57 39 100 87 76 10 84 29 97 42 45 28 88 33 31 20 94 22 13 53 57 75 20 38 97 50 1 81 52 90 37 75 16 38 43 9 53 30 88 64 88 38 40 32 65 63 76 4 9 53 61 17 12 75 50 2 54 44 52 87 50 22 50 21 77 9 41 100 60 22 55 65 39 70 43 38 100 15 53 28 81 52 39 88 3 35 41 32 42 52 25 59 33 63 71 40 50 76 17 29 38 97 33 52 96 86 77 29 46 96 73 51 74 61 44 34 42 5 9 28 11 29 38 81 43 95 25 56 9 34 26 57 50 34 35 64 67 89 18 64 42 27 92 67 17 98 38 51 48 5 78 48 39 91 69 8 86 43 98 45 39 62 59 38 20 89 98 26 76 96 24 1 82 74 55 56 62 87 85 72 49 56 68 49 17 26 42 85 89 64 99 63 65 66 3 94 64 17 67 62 95 35 31 54 44 83 42 31 72 27 3 42 74 57 68 32 76 72 27 23 31 50 83 24 51 97 15 81 82 42 93 8 45 66 56 97 59 43 45 8 5 57 100 39 93 78 79 92 100 28 21 96 62 71 46 69 73 59 79 36 81 93 36 91 36 3 98 59 77 12 95 3 16 53 52 92 21 82 9 95 37 42 78 4 57 13 16 54 37 66 78 62 22 41 41 87 7 60 90 52 28 81 100 73 94 34 31 54 27 51 95 90 16 80 99 89 80 88 83 45 16 46 5 38 34 21 12 73 79 86 4 85 47 77 22 11 8 63 16 25 74 100 76 84 96 1 10 39 5 16 91 66 95 87 79 37 87
400 1
68 85 89 87 50 47 60 55 30 91 47 44 79 23 42 1 92 42 82 43 94 36 28 12 25 30 77 91 57 72 58 51 87 75 93 89 4 68 37 67 69 11 67 53 84 69 66 53 93 23 92 28 81 77 69 42 21 37 5 56 85 1 65 69 73 38 81 44 41 71 67 74 55 85 83 75 19 85 6 38 26 4 48 23 49 23 22 50 98 47 33 29 62 97 58 55 37 44 69 84 3 25 92 73 14 100 39 42 65 38 1 57 7 33 17 12 57 9 65 97 45 22 54 32 73 25 41 31 25 32 68 9 95 68 22 16 21 49 10 45 68 97 71 89 24 50 16 84 59 93 74 16 31 66 29 5 2 94 92 46 25 66 32 16 45 78 4 75 29 18 98 40 80 51 67 69 39 59 15 74 27 48 12 76 87 7 14 35 69 9 58 65 45 55 1 94 64 7 37 80 36 83 27 32 30 24 68 59 24 50 12 83 74 11 5 12 63 95 67 56 55 91 56 1 78 39 34 52 59 43 76 53 49 74 49 50 87 73 51 81 40 51 21 62 40 93 29 41 91 29 11 95 40 91 50 57 67 54 75 22 23 37 2 59 93 70 79 93 84 40 57 61 56 77 94 69 49 30 25 23 13 40 85 2 10 42 46 76 67 82 7 21 14 36 93 13 91 68 33 29 10 48 17 43 82 3 4 9 64 77 99 66 93 87 3 39 27 38 31 14 98 11 97 11 57 66 85 59 16 7 49 33 37 89 24 79 14 25 19 88 35 76 33 100 53 85 23 63 71 41 30 9 74 96 60 93 31 21 84 38 35 77 87 66 3 66 4 79 80 75 35 60 77 89 95 88 32 73 4 21 73 52 48 93 27 16 35 49 61 36 30 1 2 59 32 85 9 80 48 93
400 1
61 45 33 25 67 81 18 82 55 82 65 46 91 36 43 68 33 87 27 26 100 26 92 1 68 49 70 35 87 53 13 5 62 30 30 20 33 42 20 61 58 28 29 45 33 74 17 95 5 85 68 22 93 16 92 29 6 46 56 79 58 2 72 95 40 75 88 43 64 80 61 59 58 90 87 23 3 44 73 92 74 63 7 61 62 48 10 12 83 87 96 76 99 42 64 98 5 13 28 30 3 50 38 5 65 37 7 7 9 12 34 50 51 92 4 1 40 18 12 28 70 6 39 71 62 56 4 87 77 32 5 30 58 96 86 1 40 76 100 63 14 4 12 21 19 66 77 91 51 98 51 80 61 88 68 47 88 9 57 29 23 12 50 72 33 84 91 100 68 84 23 27 7 96 99 55 34 46 69 7 28 49 37 52 15 1 23 44 66 71 60 42 8 20 17 10 58 55 76 32 53 89 43 31 86 31 96 71 41 87 53 62 1 41 76 31 91 59 51 62 80 10 77 30 16 93 31 11 71 84 46 72 14 13 71 43 39 46 99 16 28 51 46 51 38 1 100 5 23 31 21 32 41 50 96 91 81 23 58 49 52 14 53 23 11 1 64 68 14 93 39 92 30 11 87 69 38 12 20 73 31 18 76 55 45 9 72 77 93 50 15 73 45 89 74 22 26 42 96 77 98 53 6 87 73 89 53 83 19 86 19 69 79 90 98 40 92 88 80 52 9 17 74 34 95 38 51 62 99 69 61 24 9 78 59 95 25 7 13 68 18 39 15 81 44 29 69 65 74 25 51 5 36 37 11 27 34 71 95 2 96 96 59 43 42 50 22 84 29 2 26 6 7 82 86 31 96 4 66 73 19 2 26 83 81 18 31 94 75 24 62 59 35 80 60 73 72 72 74 33
400 1
19 71 25 69 14 81 25 85 67 24 12 71 5 29 5 47 47 6 95 97 81 54 54 36 20 76 4 90 19 38 74 66 31 43 75 77 28 2 55 85 64 91 79 6 35 6 35 19 26 45 34 65 68 64 22 6 54 95 13 70 22 14 85 54 75 71 100 62 67 66 1 67 58 3 65 68 87 69 66 8 22 81 72 96 51 51 59 54 67 56 80 98 42 36 40 86 11 67 61 74 44 99 89 39 1 78 73 57 30 83 25 1 70 21 99 80 60 61 45 25 94 41 34 53 64 31 50 46 78 65 34 62 36 15 60 74 73 45 68 38 47 77 94 74 88 27 76 37 27 90 42 100 39 33 97 20 54 24 44 37 30 84 91 24 90 97 94 13 45 86 25 89 95 43 37 81 9 11 53 39 81 76 28 66 14 36 65 22 49 4 11 34 26 33 74 79 85 16 88 19 5 62 48 3 45 10 73 17 46 36 52 12 5 1 64 8 62 50 92 19 25 44 85 99 29 96 99 5 25 96 94 39 33 37 74 57 32 90 69 39 94 35 28 58 18 17 65 50 46 46 62 43 84 54 68 19 20 90 59 74 13 17 13 69 81 17 77 26 82 63 81 19 84 73 58 84 32 88 92 60 74 37 6 99 9 19 75 95 72 86 37 39 28 45 46 43 34 29 86 38 2 14 49 97 12 40 45 72 56 36 36 96 52 78 50 7 33 53 39 31 90 89 40 11 76 82 52 34 73 4 51 88 42 49 67 63 95 30 11 14 18 87 1 61 79 77 13 39 78 39 12 66 57 80 11 14 26 41 56 61 27 8 11 97 76 60 11 98 55 10 27 20 70 3 39 38 54 99 33 20 27 52 82 40 16 9 31 41 91 68 54 67 83 47 39 85 94 85 15 26
400 1
73 57 38 30 70 2 72 20 45 77 54 88 17 98 71 59 47 27 14 69 71 93 23 95 88 71 27 72 10 88 58 31 23 2 72 6 26 94 60 1 92 38 21 28 24 33 19 99 10 12 38 10 71 84 38 19 67 28 81 31 52 53 33 88 89 5 5 12 17 72 95 73 13 35 9 32 68 32 86 98 83 11 80 36 13 97 63 53 6 68 52 2 62 45 78 65 45 88 25 43 26 91 17 23 97 73 91 4 40 14 72 54 33 19 5 48 33 54 38 89 96 68 47 4 80 73 31 48 88 19 94 98 54 27 63 10 4 60 67 64 57 88 89 16 39 62 1 8 94 75 25 5 28 50 11 85 11 66 43 61 95 40 44 36 97 1 35 8 88 42 16 64 61 96 50 78 91 25 74 24 77 85 13 71 45 27 5 45 62 33 89 27 53 83 13 64 6 19 34 20 53 18 50 9 44 30 19 61 61 16 76 2 67 89 51 48 78 70 89 78 63 68 60 59 66 63 20 57 40 45 18 61 58 77 27 73 35 94 38 3 98 13 69 50 79 87 87 19 79 35 77 68 86 20 1 55 45 90 82 78 56 95 35 50 16 47 34 80 88 58 12 49 100 94 10 51 3 32 59 97 44 72 45 35 5 68 43 6 6 89 82 59 37 43 13 50 66 34 12 83 66 68 22 7 86 5 7 30 34 43 37 98 86 98 22 67 34 25 33 31 20 71 81 34 19 98 63 84 91 77 17 16 33 56 44 45 40 40 16 95 43 98 75 94 27 70 81 41 94 31 68 93 36 19 45 93 48 19 76 42 88 89 31 91 9 83 93 89 19 94 88 2 3 12 72 64 85 9 70 84 45 34 27 53 24 15 62 7 64 16 23 81 47 41 41 59 68 62 11 31
400 1
46 72 92 67 90 76 22 55 81 71 25 37 84 59 79 89 82 11 17 95 90 31 28 24 2 45 14 20 74 73 32 53 39 81 84 37 37 39 59 54 47 71 60 59 54 39 63 4 79 55 59 53 62 8 86 4 87 29 79 48 56 55 70 10 23 55 45 8 10 41 64 98 94 47 90 44 64 14 72 3 47 48 35 27 65 75 60 34 73 27 70 33 94 56 35 17 46 88 23 4 73 64 75 89 85 2 17 12 80 100 48 100 18 8 52 74 47 31 9 7 7 79 83 24 62 100 84 42 49 31 77 8 81 93 18 96 67 44 42 94 59 44 41 64 32 100 14 59 82 20 59 43 52 25 69 35 42 54 14 71 90 33 59 35 4 50 69 37 87 100 96 91 67 59 44 57 41 7 62 4 14 27 69 97 26 13 100 36 14 23 7 39 35 20 94 8 98 80 55 50 92 48 10 55 20 78 79 38 71 2 53 9 34 64 57 67 33 68 94 52 87 65 95 100 60 77 54 63 39 1 58 92 65 1 5 61 30 77 87 82 13 20 30 43 51 69 45 30 7 76 44 66 67 25 57 17 50 61 77 10 85 57 84 96 31 41 4 21 83 19 36 95 17 100 27 47 48 27 17 71 18 6 28 18 71 33 46 17 90 19 98 54 33 61 57 25 78 84 12 32 90 9 11 36 64 3 57 99 43 39 59 59 22 17 14 88 96 28 39 10 38 29 70 86 43 83 4 43 13 8 57 31 55 61 78 59 8 59 6 84 74 89 29 96 36 55 65 62 96 60 57 14 11 63 77 78 26 45 25 70 31 31 84 87 18 88 47 66 54 12 84 73 20 26 76 2 85 39 59 77 74 90 9 24 41 35 83 98 31 67 95 52 52 22 16 67 61 93 55 10
400 1
99 52 90 20 2 82 91 66 7 11 18 2 15 41 59 79 82 77 89 92 15 58 64 99 12 8 68 49 81 83 94 21 37 16 36 100 84 55 63 64 4 6 4 33 38 39 62 8 85 89 44 89 84 96 33 66 28 83 37 60 55 2 93 40 66 39 68 77 28 75 9 43 67 50 34 85 65 50 40 46 10 81 24 76 70 45 81 84 41 84 27 26 31 51 53 14 7 33 29 3 70 68 15 28 75 72 20 20 49 13 54 89 29 58 85 29 33 30 33 22 44 26 64 93 48 20 89 94 90 33 71 16 39 67 53 50 39 23 87 69 21 86 46 46 51 12 88 13 72 84 82 47 64 8 96 81 31 23 57 85 26 9 33 8 54 22 81 4 44 57 34 39 8 21 38 34 90 35 78 43 28 17 95 35 6 88 77 48 71 26 1 43 23 90 48 65 78 24 11 30 20 89 10 41 43 49 24 83 41 83 31 59 60 7 99 84 94 73 25 32 33 41 33 13 92 58 12 80 100 17 10 45 36 31 85 38 10 32 90 18 80 48 89 91 93 59 20 84 68 99 97 100 92 98 13 46 83 79 6 69 85 81 15 2 31 52 52 25 33 96 31 88 34 12 43 90 16 70 13 89 90 83 91 76 79 29 69 49 49 7 47 53 44 61 72 47 37 67 45 92 90 33 75 11 65 33 20 69 78 41 30 46 97 71 91 15 48 85 60 21 39 2 15 39 62 35 97 62 9 17 93 69 75 67 94 80 11 75 65 35 31 68 73 94 56 75 9 25 35 2 14 70 60 43 100 33 42 94 16 58 64 49 18 25 5 12 34 2 40 6 2 34 69 91 10 41 80 82 18 60 28 96 47 62 46 100 91 73 48 75 2 99 58 11 16 75 16 11 5 38
400 1
90 34 54 53 96 43 93 61 34 85 52 39 61 52 46 33 43 39 3 1 51 32 87 31 12 51 74 82 9 10 20 16 53 98 30 90 49 22 58 90 53 5 11 80 90 58 19 63 72 1 9 35 75 16 25 67 93 63 15 64 17 77 21 98 14 22 44 57 82 100 41 25 62 82 69 87 16 83 58 85 91 41 65 83 17 16 20 41 86 21 91 81 76 97 66 24 17 95 99 51 80 69 65 11 47 42 85 9 42 86 86 26 94 7 34 53 44 7 35 88 29 88 20 26 11 48 81 25 30 49 96 45 42 68 35 64 82 53 74 99 80 89 31 35 43 60 87 17 57 27 63 41 63 32 18 88 86 66 27 12 18 81 5 5 72 77 21 69 3 53 75 66 62 51 37 77 74 19 78 21 1 34 33 97 25 45 8 61 64 36 60 22 20 99 27 86 85 37 4 85 28 94 45 25 74 74 83 79 34 32 96 85 2 87 72 49 54 31 52 42 37 24 59 51 33 24 35 58 58 62 54 31 62 87 96 57 12 51 20 50 16 76 18 5 95 37 9 28 14 51 14 23 26 95 26 19 15 48 40 4 52 14 66 54 1 95 71 7 64 12 86 68 3 49 64 91 85 94 13 54 28 14 1 92 10 7 70 82 68 62 8 23 93 47 24 90 65 26 54 12 24 28 98 24 66 18 93 11 80 57 72 58 47 26 49 15 27 73 14 58 41 74 42 87 56 44 39 39 100 39 12 87 85 12 80 27 83 52 17 45 58 56 19 43 46 2 85 78 81 70 34 85 15 40 92 60 35 76 96 51 34 71 42 91 5 43 6 70 30 47 6 27 16 82 39 5 93 16 98 19 44 43 27 65 1 28 79 9 72 5 33 25 26 74 8 54 47 45 49 58
400 1
68 20 86 49 74 71 16 64 1 70 82 88 18 58 21 64 65 31 52 67 15 21 45 30 44 62 32 82 78 35 98 68 85 62 23 42 16 90 75 80 97 91 7 33 60 85 20 70 77 1 63 46 91 93 49 20 56 20 10 74 3 81 17 14 74 100 41 67 97 16 84 97 82 34 63 24 57 62 9 17 78 47 57 41 23 27 22 3 87 27 36 63 1 65 25 82 74 82 14 56 31 91 85 76 60 15 40 77 41 78 78 7 53 9 14 82 70 84 99 28 74 66 100 81 39 25 6 86 2 32 48 52 62 80 63 85 14 54 5 65 61 40 52 81 84 51 66 37 93 18 54 26 40 16 32 42 11 69 82 45 82 85 33 48 60 31 66 76 66 45 57 95 11 88 27 81 31 96 89 44 96 91 25 61 63 52 14 72 57 28 67 9 46 49 8 61 54 72 32 74 17 98 17 18 50 85 3 94 73 36 98 72 98 6 92 90 76 88 97 82 7 81 29 44 73 52 87 83 79 98 49 7 2 74 74 37 37 6 32 93 2 9 70 43 5 71 49 94 96 2 20 31 17 86 36 47 54 74 26 65 82 37 44 14 14 53 19 29 60 7 32 11 14 25 25 70 7 72 34 28 64 38 9 2 91 90 48 82 12 97 10 75 68 75 90 64 2 72 90 5 71 83 67 93 14 71 52 82 13 56 32 40 33 7 21 7 37 54 72 98 7 47 17 11 4 73 65 50 89 62 2 75 19 67 98 93 17 94 23 35 34 64 40 70 7 92 31 45 98 21 70 45 9 32 65 71 9 74 60 48 22 49 21 44 29 82 58 46 94 93 64 86 43 46 30 24 63 29 33 98 83 14 67 100 20 58 23 56 30 70 20 29 64 42 87 71 4 48 33 45
