10
400 2
23 9 59 47 56 88 22 98 14 14 81 87 42 29 78 79 54 5 16 73 55 69 100 72 10 44 79 60 55 82 26 58 68 83 44 95 35 16 99 43 38 93 41 80 43 43 13 82 50 76 39 88 40 94 54 41 66 35 25 16 43 70 68 39 2 59 42 47 40 60 71 84 54 55 11 38 77 60 54 99 98 10 35 31 61 24 33 68 32 56 35 36 30 53 97 73 77 88 34 96 55 58 56 94 70 80 6 83 94 65 21 29 78 63 28 8 28 91 42 45 20 56 62 28 16 13 88 65 8 90 54 57 67 4 12 93 87 83 36 72 10 62 25 51 80 38 15 17 46 55 92 46 11 86 5 85 94 83 85 52 98 87 83 56 93 5 24 83 1 73 22 34 77 88 68 1 95 92 79 35 67 50 4 52 63 96 23 41 15 22 13 95 94 33 21 65 2 54 32 67 46 33 11 9 50 15 89 25 56 50 42 84 14 30 53 96 55 79 54 10 86 73 17 12 53 37 1 46 100 38 70 96 72 26 67 54 70 27 15 34 27 93 100 38 25 78 72 65 96 13 28 45 12 78 89 69 89 6 10 76 76 28 74 37 9 64 68 84 41 33 100 37 34 15 78 74 87 25 82 48 36 66 1 46 50 18 28 34 99 3 45 28 100 79 95 72 51 99 2 96 10 40 15 62 85 19 45 26 98 40 93 94 22 32 29 52 88 69 13 45 38 77 8 93 53 59 28 22 53 68 88 13 35 4 61 9 64 52 60 61 52 44 89 95 79 83 71 1 33 100 67 60 88 22 92 5 28 40 46 3 85 35 50 36 98 70 59 71 82 22 39 81 48 92 85 94 14 14 12 66 60 81 25 24 86 48 49 6 93 20 59 90 82 37 97 58 78 12 42 27
400 1
73 5 70 50 98 28 33 22 87 86 95 9 80 81 85 33 35 81 85 75 95 75 15 45 53 22 46 50 29 31 6 32 8 88 68 99 73 3 19 47 15 15 58 94 82 59 81 75 51 88 65 19 7 18 68 57 49 28 91 99 73 30 59 18 15 24 27 67 68 26 40 52 84 47 19 72 95 42 22 90 85 59 78 56 47 19 46 95 94 98 55 82 53 27 54 54 20 86 31 97 66 54 30 79 36 82 54 56 21 72 99 16 80 65 56 94 8 13 66 70 57 96 40 15 18 63 88 91 3 42 43 35 56 24 7 99 4 53 94 51 58 45 85 31 70 25 10 72 88 77 30 72 52 47 11 93 61 32 92 52 37 18 12 1 6 45 26 71 27 52 19 4 70 93 33 40 35 31 97 91 42 14 85 60 65 31 36 30 77 92 100 41 42 72 48 74 74 46 72 62 67 59 76 60 22 19 73 86 16 42 69 2 18 21 12 47 61 89 34 6 73 9 53 80 31 21 36 22 52 48 74 16 9 20 58 77 15 89 24 17 57 18 29 79 96 88 81 72 17 71 63 39 65 87 22 69 75 28 64 64 49 69 47 99 36 94 89 82 86 63 22 77 70 74 35 2 31 29 43 99 98 65 4 14 54 70 58 49 51 49 54 86 32 92 11 71 73 13 35 88 80 94 68 5 48 21 13 82 11 5 3 52 58 29 72 38 42 56 56 83 73 77 87 26 55 95 24 29 18 42 68 62 29 97 70 21 69 87 6 4 94 79 53 5 17 40 79 43 58 90 26 100 16 61 32 8 72 37 19 88 97 85 67 48 45 48 5 86 82 23 9 95 30 49 42 67 64 22 40 98 7 10 100 37 77 64 70 14 82 26 82 2 77 61 90 49 66 86 71 96
400 1
65 44 28 54 35 1 59 59 46 6 86 54 67 99 85 49 62 60 65 65 48 15 25 9 52 100 10 15 77 46 43 27 76 17 59 97 23 47 31 71 57 38 57 12 65 94 83 80 25 37 15 61 49 10 39 15 63 69 19 70 22 33 47 6 71 49 38 26 4 25 6 75 81 75 90 28 78 87 97 71 53 10 46 16 27 67 1 62 87 77 47 85 77 99 55 99 37 22 29 66 84 13 36 32 61 18 1 81 57 11 57 5 66 32 31 47 24 73 47 58 68 57 70 19 2 43 13 2 94 95 51 27 15 73 82 74 78 98 64 68 11 47 36 75 83 86 45 42 11 76 18 67 21 55 12 42 6 35 32 34 33 91 72 79 50 49 98 65 48 4 3 75 92 85 48 79 12 67 68 98 65 14 90 60 55 83 98 77 7 15 15 39 60 35 78 47 67 44 58 77 65 32 38 15 55 37 67 73 60 78 27 95 96 71 67 36 24 68 85 100 31 77 19 47 41 82 66 9 4 33 85 35 72 50 30 8 55 96 35 40 91 27 37 51 5 67 15 73 64 51 88 27 42 34 2 2 27 38 16 22 14 60 7 16 42 26 77 74 55 81 28 76 88 11 91 63 58 46 38 85 99 6 66 60 97 80 81 85 86 37 89 3 66 57 88 86 94 36 4 96 66 55 66 73 96 11 90 66 17 88 36 60 76 89 79 90 11 72 33 34 31 32 7 80 94 99 34 91 48 8 1 70 97 61 42 93 87 39 80 54 94 62 12 81 3 29 26 30 70 86 49 9 20 7 38 65 30 55 27 26 82 42 32 40 5 88 9 40 100 99 12 31 48 64 56 34 85 92 4 70 15 40 50 67 80 80 17 22 58 27 76 31 30 68 59 92 40 21 52 28
400 1
2 97 56 33 3 71 63 10 53 81 97 12 58 53 51 37 42 72 29 71 59 18 64 84 49 70 76 7 29 100 73 4 59 75 4 91 58 52 91 62 57 87 43 15 43 96 2 86 61 88 43 70 25 4 21 64 96 27 29 36 21 93 33 7 51 28 59 4 6 55 99 60 53 7 56 78 54 19 61 50 59 87 20 29 53 5 74 68 97 96 96 60 30 73 78 97 98 20 70 77 94 14 80 26 48 18 12 56 85 60 51 74 8 49 22 80 47 33 63 47 39 83 97 68 32 92 65 70 37 73 72 32 52 41 9 9 86 35 47 95 85 70 6 50 38 42 27 73 18 64 71 6 20 37 76 10 35 19 16 10 64 41 1 4 47 58 93 100 43 5 9 23 86 80 23 19 12 7 69 20 4 15 98 80 70 56 23 74 38 75 87 25 71 56 46 80 67 95 90 30 38 60 93 29 95 38 1 49 38 30 46 36 38 61 36 4 13 27 71 97 25 48 57 26 92 50 88 82 24 72 80 7 71 25 38 52 77 93 40 33 10 23 66 15 31 69 91 91 65 66 11 90 41 29 59 41 23 63 95 66 9 48 65 3 16 48 16 20 39 32 4 14 90 26 57 64 57 67 78 9 1 46 19 6 74 30 28 71 70 51 25 47 99 79 67 75 25 20 82 67 85 92 5 55 81 71 2 40 60 90 33 85 55 61 16 58 47 30 26 78 64 37 47 4 79 29 64 76 90 93 26 100 27 91 47 45 18 66 57 39 81 91 38 38 98 63 8 79 59 89 28 3 90 98 4 63 88 97 82 56 57 63 20 77 10 33 57 85 56 41 3 8 50 51 76 35 92 30 19 94 74 7 12 24 53 5 52 95 14 46 27 81 8 43 58 69 54 59 36 73
400 2
23 10 88 62 25 96 25 24 84 77 16 42 83 9 64 22 83 68 65 42 37 35 87 18 24 19 93 81 80 89 100 40 16 19 66 46 81 83 60 66 51 6 81 60 1 8 36 73 14 81 34 70 77 4 92 42 62 14 91 24 31 49 78 100 40 4 41 88 90 37 63 87 57 77 73 85 40 78 23 85 98 46 16 10 71 86 7 80 65 83 39 90 54 26 63 11 4 72 22 67 97 42 85 18 25 35 69 13 27 80 24 79 14 84 7 85 22 23 42 33 100 61 94 61 80 68 5 9 57 76 69 43 37 30 13 23 28 72 63 88 7 79 55 19 58 23 26 50 89 41 46 38 86 64 28 37 95 43 68 98 59 84 34 36 51 30 52 83 18 50 56 91 75 74 17 100 31 95 58 40 74 45 75 100 45 27 98 21 88 34 92 21 26 57 58 22 68 59 13 68 91 33 38 48 21 50 66 21 80 36 22 80 66 41 24 10 43 49 11 42 58 14 83 19 8 31 37 3 67 82 87 95 31 19 24 16 77 57 43 22 76 26 74 60 18 17 97 70 80 22 70 50 74 6 83 70 48 27 12 18 49 95 55 47 14 94 81 73 29 47 61 25 68 83 75 30 51 98 35 36 61 21 48 17 60 18 1 27 33 40 73 2 34 87 5 33 38 40 54 58 43 54 77 40 63 72 37 12 39 15 31 19 81 79 55 94 88 94 34 98 82 4 6 13 97 82 91 26 48 48 56 54 88 26 25 23 47 69 70 92 37 6 94 63 47 87 65 60 74 56 59 12 34 11 64 53 64 52 22 49 94 100 71 66 10 44 50 45 76 2 26 18 15 16 48 93 76 88 99 58 50 45 26 6 73 79 88 89 74 77 78 25 30 13 94 14 60 85 11 32
400 1
87 33 91 36 31 47 22 5 26 2 11 47 17 47 52 8 45 34 93 77 43 55 86 87 77 5 61 58 30 2 75 81 45 58 28 82 10 70 100 36 79 24 70 2 80 84 17 15 99 32 14 65 83 94 35 44 42 44 90 64 51 64 6 54 98 80 77 60 57 2 74 57 29 10 42 72 16 17 33 56 9 27 20 79 55 68 23 55 75 17 92 35 44 40 5 45 60 67 44 4 81 21 65 73 3 38 90 20 49 80 30 80 34 42 96 8 49 40 8 34 37 72 14 65 25 36 13 27 30 11 55 42 31 21 61 18 49 83 68 33 52 21 43 93 68 89 10 48 81 79 95 93 12 38 77 35 24 25 57 91 39 77 22 74 67 56 7 38 15 18 80 92 91 74 23 61 58 52 64 39 26 18 94 10 41 88 24 8 23 92 16 68 31 55 60 36 44 93 63 82 23 27 6 8 8 79 23 44 87 80 35 85 47 45 66 49 57 24 92 72 1 74 60 43 33 23 53 70 55 23 63 5 15 27 35 78 80 31 23 45 100 32 91 45 41 20 13 42 43 24 42 93 7 59 99 9 6 60 66 39 76 87 96 74 58 87 22 43 47 83 17 91 45 82 17 34 62 35 85 50 51 7 65 80 62 48 57 87 79 72 36 32 54 95 80 5 94 38 14 72 100 90 14 97 56 57 62 17 52 61 29 6 68 74 16 52 13 14 86 9 4 71 58 36 26 21 81 31 43 78 64 31 3 39 14 47 32 88 61 96 56 69 35 70 4 89 80 3 78 72 42 9 86 47 17 60 40 90 81 91 55 21 5 2 34 58 96 42 99 25 72 9 29 50 66 57 73 40 58 7 28 70 50 69 33 47 54 1 68 44 80 35 23 4 7 98 95 7 51 68
400 1
54 84 34 50 50 24 87 11 84 54 56 30 99 8 41 100 36 17 72 99 88 74 42 42 84 50 35 19 51 78 93 40 55 31 38 59 21 54 46 9 28 58 59 91 1 75 73 43 93 24 51 37 25 21 76 11 6 58 90 20 73 7 33 51 97 82 76 57 11 59 81 66 54 78 40 16 41 99 82 9 48 8 82 30 26 97 46 97 73 88 28 58 71 86 39 45 75 46 37 51 31 83 68 87 89 58 75 63 55 75 46 97 3 36 22 42 24 11 27 31 48 5 97 9 81 82 98 40 50 62 94 47 99 85 52 61 21 66 98 81 7 9 78 49 24 27 85 82 24 50 42 10 81 14 75 3 47 76 45 38 59 18 75 75 43 64 69 37 52 6 51 41 100 5 12 32 2 38 19 87 100 7 18 20 83 9 46 83 84 69 22 11 34 90 30 80 50 98 17 75 82 87 58 55 9 25 4 29 88 42 46 38 13 4 12 27 21 49 83 68 23 3 41 18 45 48 68 63 89 74 33 85 73 39 35 72 29 68 94 18 86 39 74 35 70 61 9 16 87 61 70 12 19 75 51 8 6 54 93 94 45 23 85 93 57 34 11 89 88 21 41 96 40 5 93 16 69 4 59 14 89 44 43 62 57 32 28 38 58 37 45 90 29 79 72 48 29 100 16 93 92 66 62 73 95 39 98 91 100 53 69 15 27 91 45 84 77 97 85 34 2 10 16 37 93 30 96 66 72 42 31 43 88 81 13 98 3 91 59 35 74 14 42 28 43 1 85 85 38 78 4 42 72 88 83 34 60 88 94 72 72 14 7 89 62 35 77 40 11 47 97 21 65 17 38 62 55 46 22 45 51 69 28 41 95 65 74 35 3 69 94 7 82 96 49 89 100 28 30 15
400 1
42 37 45 5 23 73 52 38 18 58 54 81 14 67 89 74 14 24 84 38 77 10 21 44 89 63 27 98 65 9 45 71 20 82 91 90 36 56 95 4 97 32 10 96 58 34 15 90 73 35 1 97 19 11 41 19 40 96 78 7 44 7 76 13 62 76 4 87 93 45 94 86 56 39 98 57 78 19 71 5 87 60 72 31 69 9 94 24 94 34 25 96 10 79 42 34 100 65 33 54 25 27 24 10 41 58 60 96 4 89 27 72 73 80 26 18 53 85 94 94 12 27 67 34 58 51 20 97 20 70 11 50 92 60 17 7 89 53 2 57 1 5 24 90 5 68 96 85 4 30 17 95 19 80 9 52 51 1 1 87 2 74 13 9 91 2 36 8 74 15 17 52 95 58 57 76 2 69 33 28 3 87 90 62 83 38 9 2 74 43 47 11 96 24 94 95 68 65 87 70 15 88 67 12 22 35 19 84 71 42 83 25 68 49 40 25 44 9 100 80 7 76 38 91 92 29 96 24 60 25 5 84 88 2 36 30 76 89 68 14 10 79 74 10 39 74 81 70 28 80 37 45 72 64 85 28 81 86 32 54 88 99 73 9 8 84 64 13 86 84 70 88 61 19 96 63 75 52 8 2 79 76 37 94 65 95 22 15 32 23 16 54 6 43 11 33 18 83 92 86 79 18 83 76 42 13 92 39 48 89 5 16 71 59 71 24 76 98 59 45 29 73 91 87 79 94 42 85 17 69 39 44 9 65 31 77 73 100 97 15 37 26 76 22 8 50 64 19 94 16 77 89 42 28 46 50 62 14 29 47 49 49 19 61 55 89 29 6 26 98 65 91 87 4 64 19 37 32 19 41 35 9 76 8 6 15 68 59 100 37 26 8 93 92 19 15 83 45 40 62
400 2
83 58 17 21 82 58 53 62 1 91 67 37 50 63 55 53 35 5 31 10 30 83 38 78 56 52 36 13 9 43 51 63 62 43 78 78 33 63 51 23 4 83 5 77 75 5 54 87 24 93 62 100 82 66 14 3 67 38 20 13 11 67 80 5 19 88 78 71 50 83 93 65 72 17 95 52 73 27 72 47 78 66 56 96 54 18 65 28 81 67 97 69 36 25 48 14 27 96 24 42 89 53 19 56 34 34 87 9 23 51 86 86 55 27 9 82 96 32 99 4 86 82 69 38 16 4 22 65 81 84 79 58 73 1 70 58 88 13 31 23 75 91 30 4 55 95 48 55 15 68 68 45 64 72 89 37 72 34 46 67 64 56 48 39 28 22 41 97 90 29 28 61 99 99 53 24 57 54 87 53 62 90 84 9 13 2 27 12 88 49 88 44 68 29 12 55 53 13 27 36 2 5 72 65 48 36 58 24 90 87 79 95 96 80 100 73 43 99 64 59 52 23 19 82 86 44 23 18 87 47 93 72 19 75 98 80 8 47 17 80 67 73 32 68 15 39 35 69 76 21 84 44 29 26 9 44 40 68 86 61 68 67 61 87 80 53 74 12 64 77 39 54 90 93 49 79 82 89 54 54 4 99 13 57 87 63 100 66 27 75 91 7 92 76 90 96 83 26 70 78 57 57 79 43 27 76 53 33 59 85 64 43 51 10 58 34 59 88 15 31 48 23 10 87 21 6 49 65 34 96 83 15 94 35 46 77 29 83 15 75 61 7 22 13 76 12 94 64 82 61 87 59 57 79 34 76 68 13 97 40 7 99 22 7 89 8 12 75 15 61 86 6 67 91 45 28 60 73 32 99 55 18 1 54 69 12 93 95 45 61 18 13 7 17 52 23 4 86 15 56
400 2
86 52 57 53 28 72 33 10 83 22 78 42 82 48 10 74 57 32 43 76 21 9 2 14 26 61 92 83 7 93 72 87 48 57 69 34 25 84 45 97 34 92 50 2 74 48 34 18 43 32 86 4 2 12 28 60 98 11 70 73 43 78 48 80 35 59 73 32 48 89 98 58 28 34 39 64 77 32 8 53 68 47 82 12 47 29 91 2 41 25 59 50 38 40 62 91 13 11 67 56 95 77 61 43 42 60 58 80 28 17 81 98 70 33 2 92 27 87 46 44 23 88 71 8 64 80 48 38 8 56 99 39 76 2 63 46 34 95 23 28 49 15 93 63 42 97 33 18 27 53 26 48 57 72 87 68 37 93 83 99 40 80 4 76 6 89 40 40 18 18 83 34 15 84 6 83 8 94 10 30 89 51 25 28 46 52 36 60 98 68 92 35 99 58 79 33 54 42 64 87 84 52 55 10 43 55 58 16 81 40 31 81 65 70 35 58 60 72 74 60 62 64 40 45 15 18 33 24 67 67 98 50 14 49 29 15 24 39 13 6 79 68 84 86 100 70 80 70 60 65 89 99 92 44 22 3 76 53 29 11 83 84 97 80 60 54 25 91 29 15 3 39 55 21 92 29 66 24 80 2 87 28 62 54 65 46 91 70 67 27 67 99 35 10 14 93 4 21 73 70 40 37 26 97 12 98 95 2 33 25 77 35 74 1 38 43 53 8 95 56 62 94 29 90 28 82 77 45 89 97 7 45 7 83 12 75 19 86 70 36 18 52 31 97 95 39 64 68 30 22 30 65 72 47 59 47 29 93 66 66 23 43 98 87 64 78 13 21 18 74 85 69 27 46 10 30 22 2 12 60 31 88 78 77 26 77 33 96 2 48 25 33 19 31 28 85 54 12 78 8
