100
2661 9878 9898
7647 773 10000
3630 10000 2229
7800 10000 10000
10000 7641 3059
10000 7372 10000
10000 10000 8233
10000 10000 10000
894 8778 8844
946 5638 7289
3230 720 2073
2197 6534 6978
3873 9838 2809
2205 4859 6695
3217 2375 8987
4875 7162 5946
9428 2678 6216
451 3795 6285
6584 2618 6007
9380 5268 5002
8303 7110 8036
4503 3987 6096
1240 4233 7009
1355 6278 1537
6032 1050 8107
9951 9142 2840
424 1735 8290
1440 7797 4367
5094 9854 178
5060 8332 4769
9825 4428 2006
6647 4217 1772
1752 1653 4862
7204 8791 1834
5539 8373 6799
2967 1615 6848
7981 1557 8587
2002 7167 5032
9536 8672 7889
9117 4008 6523
5171 3479 5735
5603 9149 6033
6593 7634 6006
8281 7529 9469
6171 3593 6021
3776 6401 51
9503 4723 6426
78 5707 3436
7977 9694 7197
1816 2686 3933
2953 9263 8974
820 3291 2883
1990 1771 4841
1005 9467 9539
3187 9445 3991
2823 7978 8384
4976 8665 8823
3077 6034 556
9315 3593 61
4072 907 2259
9734 6519 7259
3673 2323 1669
5907 6788 8431
2457 9241 6548
3103 1975 8812
4631 496 9342
5380 4065 8332
7379 2961 5867
674 6047 8341
7554 1728 4730
4888 5807 1161
6609 6994 3176
5774 3000 1059
8734 7342 7713
6101 6116 1936
8756 1394 8683
929 5728 1996
8727 9593 6767
8838 1126 6909
8144 1787 426
947 8890 916
1385 6627 6708
5227 6914 1169
2667 1704 80
3178 7386 7383
2119 5205 5140
8711 312 8929
8179 4250 202
1877 6267 4132
2998 1831 391
7647 251 4902
4087 9335 6635
7620 7900 222
9665 1515 345
2032 1843 5053
7130 3543 1815
3099 5965 3564
2006 5857 4457
9527 2924 8310
2021 6296 9049
