100
109267602 2 3
348141008 3 5
726301965 5 2
241764348 5 5
1000000000 4 1
1000000000 4 5
1000000000 5 5
1000000000 5 5
109802589 3 3
559992739 1 4
147457400 1 1
129374958 1 3
425849928 1 4
253943079 4 3
280901171 3 3
894453880 5 2
776419564 5 3
840223437 2 5
503859175 1 4
496192988 5 5
262904834 4 2
508331893 4 5
744272753 4 1
549056524 2 2
658360298 2 1
687320453 1 3
360710931 3 2
39118911 4 3
471343401 3 1
1967716 2 4
514418674 2 2
120603503 5 1
409961956 4 1
452739070 3 4
858197911 2 4
775024602 3 5
617428841 3 3
126595140 2 5
195303280 5 2
333874819 1 5
218177445 3 1
426529963 1 3
982336078 4 2
512624304 5 2
56381612 2 5
972020651 1 4
408498151 4 2
190863211 1 2
884278838 5 4
14755391 3 3
665032787 5 4
626131203 1 2
833008415 4 2
94972266 3 3
818245009 1 2
58681995 4 4
556158692 2 1
560180142 1 4
650181889 2 4
697704792 2 3
667324715 2 4
580248212 1 3
142426858 2 3
471440517 3 4
457936697 5 2
742737450 2 5
987455475 1 5
515139696 4 3
542224764 4 4
54784638 5 5
149287084 2 4
69407292 5 3
112084225 3 4
40747301 3 2
919670021 1 5
178481487 1 4
898996988 1 3
638673593 2 1
517993939 2 3
558286036 2 4
980164677 4 5
47175764 1 3
964249680 2 4
12366137 1 4
389511384 2 3
783590680 3 2
49777049 5 1
448181167 1 2
866771794 1 2
808250793 2 4
920906800 5 2
973884847 4 5
805180537 5 2
418336176 1 2
10710906 5 1
188998769 3 5
211595955 2 4
865750359 2 3
835639616 3 1
814354036 5 1
