753851276
171053406
600971357
166314880
364096198
674618087
788275578
464649312
580535220
514159476
756228904
272144027
368594370
190339538
361005590
557733264
918738854
393393361
313887862
746032255
61675764
662659632
314021109
834422534
899217291
735395472
735450306
472601425
268219729
647037745
915257474
657834275
760362910
240585113
944138786
436417056
382311489
218936393
277019817
540461605
770428119
312645371
131882440
633970886
319053369
953024255
720633228
890454143
484880039
44178037
821361322
195022246
909504093
294951013
206210753
312492739
170633538
483126277
920040217
368565226
57083314
425648540
195288173
527456246
722744419
758265359
620456274
380477280
126317890
766238740
674952494
804881030
943903319
858358156
343843429
203957232
9730001
566042766
357995992
412757388
770753380
82634758
546552720
629187478
658780919
910856282
26006395
273312888
68235749
341548637
672062044
15366328
547618768
183011328
730630096
295370839
220429308
656690738
103292485
54798645
