70189495
767497790
349887935
684924590
36568172
653313785
210475749
714891242
925366991
790912172
279470806
635308173
8653420
595505955
604159375
249876615
162333410
586145405
748478815
101920299
850399114
627905439
726393692
733600948
461750287
817805065
519118851
338679563
568768602
876038785
446563034
355766846
873597501
315120841
841373254
703976276
359594221
594746395
954340616
21422407
633853728
321960062
972220476
742318767
716294890
13986722
133687958
147674680
105493769
253168449
668335473
237383304
721718914
959102218
395889987
476049828
498134215
974184043
436596045
412535735
262170887
478904386
574784965
289209438
863994403
919439401
693267991
923627485
618651123
234869809
568803814
505564976
154324246
659889222
220757185
880646407
319922717
202324771
637812727
563167697
389831074
