200
160 9
163 163
133 133
200 3
57 57
1 1
21 21
92 92
162 162
43 43
81 81
45 45
193 193
118 118
59 59
187 187
138 77
70 145
22 76
197 88
183 141
188 188
151 151
44 12
11 115
65 65
181 55
68 68
50 50
62 62
23 186
190 190
16 16
134 134
146 137
105 105
135 135
96 28
75 75
198 198
123 123
148 148
130 130
53 53
20 20
30 30
170 170
23 186
5 5
4 4
107 64
177 185
32 78
91 91
192 192
196 122
47 47
89 89
29 29
175 132
34 34
129 129
82 39
25 25
94 137
156 156
35 35
166 166
185 177
67 67
52 38
15 15
97 97
66 66
106 138
173 173
152 152
119 119
11 115
7 157
19 17
27 184
3 117
122 196
101 101
40 40
103 194
13 13
144 144
79 79
18 18
154 154
98 96
33 33
191 191
165 165
125 125
42 42
10 10
84 84
194 103
14 14
85 85
189 189
31 31
128 128
184 27
102 102
164 164
26 26
52 36
142 150
109 109
28 98
110 110
178 178
113 113
153 153
147 69
78 32
86 86
139 60
22 76
72 72
108 108
158 158
159 159
107 64
104 104
155 155
6 6
197 88
95 100
176 176
171 171
149 149
95 100
80 37
24 24
73 168
49 49
99 99
136 136
181 55
169 169
111 94
180 180
17 61
114 114
61 19
117 46
80 37
9 160
39 82
183 141
8 8
70 145
74 74
126 179
90 69
46 200
112 112
38 36
56 56
143 143
174 174
120 120
142 150
41 41
127 127
7 157
93 93
124 124
195 195
73 168
48 87
131 167
48 87
121 121
83 83
2 2
147 90
60 139
199 199
51 51
172 172
116 116
58 58
54 54
131 167
106 77
146 111
71 71
161 161
140 140
182 182
132 175
44 12
179 126
63 63
