1000
923 923
459 975
748 748
882 264
673 673
529 529
610 109
187 187
575 575
905 905
171 171
976 976
596 639
892 375
653 653
626 626
36 36
869 920
116 962
385 943
820 210
390 390
582 582
13 640
981 981
685 685
70 70
58 58
51 51
98 98
749 585
99 99
540 854
399 399
425 991
38 38
649 649
9 9
146 146
928 509
741 741
293 726
906 132
69 69
750 750
499 499
193 193
985 985
359 324
106 106
519 519
793 793
288 288
949 949
222 222
293 726
163 163
915 915
843 843
957 735
329 329
243 243
430 742
92 92
500 500
688 145
66 66
485 485
663 663
309 309
730 730
545 545
916 916
648 648
170 170
704 704
59 59
925 11
893 378
736 733
969 933
55 55
769 769
371 371
232 232
376 376
620 620
236 236
177 177
14 14
609 609
304 304
938 938
968 590
940 528
598 126
574 574
782 782
632 389
437 437
812 812
343 343
178 398
635 635
147 164
617 617
548 523
299 299
762 762
252 252
747 4
746 78
530 530
158 158
357 357
289 702
162 162
829 889
840 840
925 11
85 85
363 363
356 356
455 455
208 965
473 473
298 122
274 274
10 10
765 765
613 613
757 757
1000 1000
700 700
80 114
784 784
636 636
417 546
868 868
602 602
759 759
320 320
898 898
459 286
758 758
449 449
655 655
156 734
986 241
712 712
234 234
927 927
964 964
561 561
551 551
101 101
283 283
125 125
618 644
860 860
127 223
802 802
944 878
366 366
770 37
448 448
75 384
516 516
418 418
490 490
721 235
642 486
695 745
970 970
666 666
131 239
539 539
753 753
595 595
57 57
216 216
197 197
967 967
198 198
573 573
319 852
810 810
774 774
713 713
667 667
982 396
527 527
31 31
84 84
301 794
277 277
166 166
560 560
805 805
89 89
246 246
552 552
204 204
698 698
567 567
656 656
300 300
230 230
848 154
478 478
175 968
570 570
5 5
53 53
265 265
46 520
213 213
100 872
155 155
414 414
688 214
926 926
379 379
443 443
183 183
740 740
335 378
227 227
301 123
489 489
760 760
687 687
842 842
562 29
124 124
703 703
737 737
914 914
829 889
939 939
511 511
837 837
547 547
292 42
466 466
747 4
995 995
180 180
566 566
188 188
625 646
372 372
853 853
367 367
828 797
827 827
451 451
428 428
940 528
719 650
308 308
67 533
779 779
608 608
558 558
580 580
248 248
79 79
559 559
531 531
947 947
982 267
445 928
393 393
874 874
804 804
993 993
910 910
271 271
282 282
338 338
544 544
907 316
719 650
63 63
200 200
444 205
116 845
711 711
522 522
503 503
706 706
255 255
202 202
266 266
879 879
81 81
61 61
138 138
787 541
563 563
961 858
710 710
728 728
458 458
152 152
731 731
615 615
102 102
534 534
401 45
564 564
841 841
954 954
21 733
937 937
139 435
640 80
864 864
849 849
186 186
128 373
526 526
847 847
780 780
203 203
999 391
439 96
716 716
809 819
32 109
429 429
822 932
462 462
408 408
385 943
412 412
502 71
474 474
893 335
969 933
768 768
752 752
936 936
497 497
633 633
494 899
988 988
866 866
226 226
326 326
550 550
880 479
491 491
957 735
392 392
470 470
799 799
311 311
621 621
751 386
354 354
972 972
494 899
375 554
863 863
209 209
214 145
786 786
334 325
796 628
826 826
383 383
218 218
781 781
568 568
870 508
973 973
596 639
807 807
670 670
463 463
172 172
751 386
581 581
549 549
24 501
856 856
254 254
296 296
705 523
851 851
664 664
165 808
606 606
885 632
960 960
897 897
349 349
423 423
642 486
761 761
237 237
133 133
756 756
113 113
439 96
600 600
127 223
220 220
576 576
950 950
353 692
360 135
184 184
778 796
880 788
588 60
487 487
844 844
686 686
504 504
111 111
517 517
149 149
518 518
128 373
694 694
33 129
52 52
577 577
795 795
942 942
618 644
861 861
422 422
240 240
284 284
417 546
709 65
394 679
97 97
680 680
890 247
110 110
672 557
999 833
419 419
19 199
267 396
23 23
179 179
147 164
425 991
48 48
359 324
542 212
691 691
732 732
280 280
468 468
445 509
919 919
951 295
182 182
601 601
348 348
334 325
682 682
787 541
95 317
992 992
328 328
143 143
681 681
892 857
413 427
800 800
929 929
337 461
294 294
141 660
444 346
974 974
344 344
441 441
848 154
22 806
404 404
358 358
87 87
148 148
638 638
181 678
141 660
715 790
318 318
814 746
755 755
875 875
891 891
961 858
697 697
952 952
583 583
174 174
119 119
662 662
884 884
578 859
238 238
894 894
989 989
514 514
289 702
28 28
836 836
543 543
460 460
966 966
924 924
339 339
592 592
492 492
446 446
3 3
100 872
406 406
47 47
906 132
263 263
823 823
83 83
168 846
469 469
144 144
136 931
589 589
258 258
75 384
302 302
652 652
94 94
643 400
353 692
963 963
867 571
323 323
540 854
904 904
537 537
871 871
72 72
777 777
831 831
855 855
813 813
130 130
160 160
259 259
971 971
27 27
917 917
433 433
524 524
327 327
426 387
521 521
452 452
442 442
276 276
776 776
260 260
41 41
438 190
597 597
71 902
572 572
281 281
150 150
809 819
834 834
303 303
369 369
945 945
520 192
718 718
268 268
402 402
820 210
118 118
955 955
665 352
403 749
121 121
611 611
886 886
922 922
479 788
586 273
201 201
256 211
365 365
862 862
980 980
998 998
832 832
189 189
591 591
2 2
436 436
19 199
554 857
244 244
515 515
669 669
156 932
661 661
345 345
219 219
245 245
822 734
175 590
381 381
82 82
958 958
553 684
374 374
865 619
424 424
26 26
598 126
647 647
360 135
321 321
677 677
484 671
773 773
285 285
645 645
1 1
493 493
675 675
68 68
415 415
612 612
996 996
142 142
305 305
651 651
151 151
935 935
310 310
977 977
643 400
895 895
161 161
717 717
744 744
603 603
956 456
705 548
798 798
815 815
536 536
242 242
990 990
513 513
818 818
888 888
714 714
440 867
86 86
634 192
407 407
76 76
136 931
903 903
953 953
625 646
934 934
262 262
556 93
900 900
631 631
556 93
196 196
457 457
870 508
696 696
512 512
729 729
562 29
885 389
828 797
593 593
506 506
723 723
117 117
206 120
403 585
233 233
484 671
918 918
708 708
426 387
607 607
107 140
292 42
275 275
792 699
791 791
54 54
30 30
195 195
525 525
330 330
838 838
785 785
657 657
20 20
538 538
215 215
167 167
105 105
507 507
766 766
890 247
911 911
350 350
395 395
771 771
205 346
362 362
948 948
994 994
783 783
987 987
176 176
95 317
555 555
17 17
709 65
690 690
465 465
191 191
877 877
896 896
637 637
194 194
614 614
641 641
88 88
951 295
629 629
314 314
695 745
887 887
542 212
816 816
594 467
594 467
16 16
956 456
413 427
337 461
340 340
355 355
693 693
269 269
720 720
471 471
833 391
44 44
364 364
297 297
397 397
624 624
251 251
434 434
261 261
739 739
279 279
256 211
90 90
257 775
103 103
488 235
416 416
873 873
307 307
477 477
207 50
946 946
377 377
659 659
876 876
584 584
770 37
225 225
181 678
921 921
811 811
32 610
208 965
270 270
35 35
736 21
725 725
409 409
229 229
298 122
341 341
49 49
772 772
707 707
532 532
754 754
394 679
185 185
817 817
672 557
883 883
431 431
7 7
380 380
257 775
715 790
845 962
40 40
464 464
411 411
569 569
622 622
475 312
221 221
689 689
983 983
495 495
421 421
578 859
8 8
676 676
253 253
616 616
869 920
764 764
604 604
173 173
483 483
587 587
453 453
865 619
322 322
721 488
565 565
217 824
22 806
930 930
588 60
77 77
475 312
959 959
683 683
701 701
738 738
627 627
944 878
104 104
803 882
306 306
67 533
249 249
231 231
454 454
986 241
658 658
502 902
46 634
586 273
250 405
801 801
278 278
825 825
830 830
134 134
139 435
984 984
778 628
272 272
18 18
224 224
347 347
763 763
401 45
319 852
159 159
901 901
108 108
821 821
553 684
579 579
496 496
91 91
410 410
370 370
33 129
287 287
250 405
315 315
15 15
207 50
447 447
839 839
997 997
56 56
388 908
382 382
630 630
24 501
881 881
450 450
978 239
975 286
291 724
909 909
767 767
722 722
74 432
835 835
388 908
64 64
165 808
913 913
505 505
333 333
665 352
13 114
290 290
43 43
792 699
217 824
605 605
440 571
361 361
498 498
803 264
39 39
430 742
313 313
941 941
228 228
157 157
169 169
131 978
168 846
336 25
34 34
814 78
438 190
482 482
137 137
668 668
912 912
727 727
789 789
850 850
472 472
979 979
123 794
331 331
368 368
351 351
332 332
6 6
178 398
73 73
107 140
74 432
206 120
510 510
153 153
599 599
115 115
674 674
907 316
480 480
654 654
342 342
481 481
336 25
476 476
112 112
291 724
623 623
535 535
743 743
62 62
12 12
420 420
