200
125 195
163 163
143 143
99 54
74 59
24 3
44 150
179 179
31 31
136 67
13 13
36 86
33 33
111 63
119 109
188 116
9 101
155 22
158 158
62 62
196 68
76 76
34 45
105 88
146 165
37 37
60 60
89 89
57 56
87 87
51 51
1 68
200 200
38 38
54 164
95 174
166 40
34 45
65 104
176 81
6 6
127 15
178 5
162 86
194 156
182 184
72 72
83 21
11 11
172 172
145 16
161 161
53 53
186 121
32 12
169 171
42 191
190 190
128 128
122 73
100 97
58 58
96 18
173 23
178 118
66 66
111 135
95 174
69 69
107 142
61 191
188 116
93 134
131 176
102 78
17 20
170 170
92 92
36 90
10 43
80 183
124 3
155 77
135 75
146 165
138 138
102 150
30 125
12 127
133 133
8 8
182 184
64 64
192 192
194 103
117 117
94 136
181 35
91 79
1 106
93 134
100 97
70 70
56 81
7 185
168 187
118 43
173 23
49 49
83 21
55 108
122 73
26 26
199 75
120 120
119 27
144 168
129 4
175 175
152 181
35 156
124 24
197 197
162 90
57 131
20 153
71 71
189 189
180 180
19 19
47 47
129 157
126 14
149 28
105 88
29 29
61 42
142 74
55 108
148 145
82 153
113 113
52 52
50 50
22 77
167 167
44 78
7 185
82 17
137 115
132 132
198 198
152 103
199 63
107 59
147 177
4 157
27 109
141 91
141 46
160 160
85 15
99 164
147 177
80 183
112 110
9 159
193 186
159 101
148 16
154 154
140 98
46 79
196 106
48 48
41 2
140 144
25 25
39 39
166 40
112 110
65 104
149 2
114 114
123 123
130 130
98 187
96 10
137 115
94 67
169 171
18 5
41 28
30 195
85 32
139 139
126 14
193 121
84 84
151 151
