972 10
333 397 961 582 433 893 636 826 887 801 192 861 267 164 175 78 813 935 780 348 7 969 295 511 391 766 147 404 810 79 839 894 437 824 452 655 757 873 934 100 421 91 425 356 715 718 281 804 647 689 465 586 420 953 273 265 154 561 904 492 851 633 742 617 171 141 102 702 805 800 441 48 551 47 857 216 396 328 615 761 555 803 678 690 560 256 539 605 600 695 531 482 435 786 755 205 406 864 380 96 95 243 745 612 573 178 224 426 898 190 352 671 821 486 580 158 607 385 56 914 212 921 944 846 571 113 23 206 535 270 101 120 134 880 623 883 29 871 448 245 732 784 252 601 544 395 675 696 411 314 54 310 891 381 770 219 227 590 477 653 513 850 222 596 418 131 231 442 930 303 427 207 145 685 229 663 463 320 402 107 235 917 725 797 746 209 262 730 156 307 284 217 66 366 503 122 384 958 479 140 239 662 922 162 521 912 794 387 151 868 337 948 741 289 248 71 200 35 971 823 854 84 514 593 32 491 536 735 677 659 20 378 286 538 15 232 13 371 749 336 618 67 42 97 876 247 364 811 203 112 860 197 952 403 349 119 557 697 640 249 524 49 507 818 925 604 361 72 45 142 540 895 318 277 660 775 181 230 512 300 581 110 334 955 340 266 576 166 619 661 350 877 729 405 650 967 542 326 485 518 65 408 313 665 666 744 291 806 215 812 630 783 182 734 332 808 885 323 285 288 626 915 60 972 93 389 5 290 311 64 548 17 645 567 743 667 802 499 872 14 183 240 394 658 36 890 454 51 931 587 61 959 495 621 563 716 103 335 254 703 525 428 699 50 367 104 754 271 52 268 610 909 125 523 250 899 305 739 778 901 597 720 554 902 258 635 913 329 75 606 900 970 306 701 762 878 765 330 379 750 504 777 184 705 793 62 89 440 937 152 968 879 692 515 386 547 157 863 651 842 136 711 947 942 317 338 76 865 788 603 950 537 638 517 764 3 530 817 768 648 189 598 199 455 849 196 449 21 657 779 375 173 92 312 588 77 940 325 510 85 82 528 155 400 790 121 565 80 820 654 881 884 74 562 748 130 327 98 357 834 304 903 469 316 687 28 319 422 870 599 468 634 929 892 714 637 10 128 46 807 552 208 170 737 185 500 372 163 889 688 430 138 550 388 628 620 529 339 862 836 251 553 625 832 520 472 545 214 791 416 616 798 114 25 679 283 324 188 629 710 476 99 218 752 143 123 374 782 577 957 960 109 415 532 150 574 841 609 301 172 237 859 656 343 355 869 847 169 165 936 568 204 506 546 475 432 494 691 949 462 297 694 167 287 632 822 668 144 423 726 27 223 419 88 855 16 299 344 845 613 124 614 713 309 773 595 467 382 698 244 34 916 641 602 194 412 905 579 414 676 373 649 439 858 799 911 928 148 174 38 776 796 827 897 566 829 445 83 760 719 269 195 489 591 368 238 819 417 413 43 137 927 763 683 4 8 241 670 31 133 496 39 723 733 474 672 44 728 843 522 274 700 502 275 956 259 193 758 669 409 458 534 704 132 505 434 722 487 932 707 907 526 279 37 681 774 874 308 341 910 549 556 926 126 592 19 457 731 302 594 852 453 753 26 769 608 938 456 191 228 53 211 377 721 115 837 882 236 242 253 383 792 55 480 584 673 116 180 946 954 370 59 359 22 464 282 896 543 460 908 519 966 706 177 294 759 622 527 830 943 470 951 740 585 589 451 941 68 2 360 272 24 106 276 572 466 86 233 347 828 127 280 840 129 835 11 261 198 471 292 508 398 1 41 225 643 201 6 727 488 809 407 624 484 220 578 646 674 570 213 354 315 717 81 9 787 234 187 815 63 833 756 838 853 362 481 353 363 322 680 149 933 709 90 246 117 644 965 135 962 789 40 69 682 438 105 33 278 831 866 906 509 611 12 814 393 450 920 795 886 867 923 410 346 57 321 424 399 159 516 493 443 771 724 501 263 226 255 293 738 564 186 919 87 168 631 146 767 111 176 533 708 963 342 844 856 392 848 478 260 825 351 497 473 58 583 365 139 429 390 446 202 94 358 664 498 785 461 179 559 296 210 18 541 693 684 160 816 257 627 712 345 298 331 70 369 264 161 736 73 569 888 642 875 918 558 490 964 747 153 945 376 575 639 118 447 459 686 436 939 221 401 924 751 431 444 30 652 483 781 772 108
961 333 192 636 267 861 397 78 582 893 433 175 935 813 801 826 887 7 348 780 295 969 511 164 766 391 404 147 839 894 824 79 437 810 425 452 655 421 934 873 100 91 757 718 715 356 647 281 154 689 561 953 586 804 420 273 465 265 805 617 851 742 904 633 551 141 102 48 800 492 761 171 702 441 47 857 328 396 539 615 555 216 690 560 678 256 803 605 600 755 786 435 531 406 695 205 482 380 96 95 864 190 426 745 612 224 243 898 178 573 385 821 580 671 486 158 607 846 56 352 914 212 944 23 571 101 206 921 535 880 120 270 113 134 732 883 448 245 784 29 871 623 411 544 310 675 601 314 395 252 381 696 54 891 590 219 770 418 653 596 513 477 227 131 231 207 850 442 222 427 303 930 663 320 463 685 145 229 797 235 107 917 402 725 746 122 209 156 730 262 503 217 284 366 66 307 384 239 479 140 958 521 922 662 151 794 912 71 162 868 35 337 823 387 248 971 289 741 948 200 735 514 659 84 854 536 593 677 32 15 286 20 491 378 232 538 371 13 336 618 97 749 67 42 247 811 364 876 860 697 403 197 119 952 112 349 557 203 640 249 361 507 49 45 524 925 604 818 72 277 540 142 318 775 181 660 895 300 340 230 110 576 334 955 619 512 581 166 661 877 967 266 729 542 405 650 485 326 666 215 350 291 182 408 806 313 744 665 65 518 332 812 630 783 734 323 915 285 808 288 626 60 885 64 17 93 5 667 972 311 548 389 567 645 290 743 802 872 240 499 14 183 454 394 658 36 890 931 959 587 621 61 103 51 495 254 703 563 52 335 525 428 716 754 699 909 104 50 367 523 610 250 125 268 271 720 305 778 899 901 739 635 597 902 329 258 554 913 900 878 75 970 701 777 306 762 793 606 379 330 504 705 750 765 184 515 937 62 651 152 157 440 968 89 879 547 692 386 863 842 947 76 338 317 136 950 942 711 603 788 865 638 648 517 764 3 189 530 537 768 455 817 199 598 449 849 196 657 940 375 85 77 155 312 510 92 21 588 779 325 121 173 528 82 400 790 74 80 654 884 130 881 565 562 820 98 327 357 748 469 834 903 687 304 929 316 422 319 599 28 637 468 46 634 870 737 892 807 128 208 10 714 185 552 889 500 372 170 620 339 862 550 163 138 529 628 688 430 832 388 836 791 625 520 553 545 214 251 472 616 798 416 114 679 283 476 25 324 629 188 577 99 752 218 123 710 782 143 374 532 415 859 109 841 150 301 957 609 960 355 656 343 574 172 847 869 169 237 165 204 568 506 936 432 475 546 694 691 462 949 494 167 144 297 287 668 632 726 822 423 855 27 419 223 16 88 845 299 713 613 614 124 344 309 467 244 382 773 595 916 602 34 641 194 698 649 676 579 858 414 412 373 148 439 799 174 905 911 928 827 897 796 566 38 829 445 719 83 269 760 776 819 591 368 489 195 417 43 31 413 137 927 763 4 8 238 670 133 241 39 728 683 733 496 672 474 723 843 502 522 44 700 259 274 956 275 669 193 505 722 409 132 526 458 534 758 707 487 434 774 907 681 704 37 279 932 308 549 457 341 556 874 910 19 126 731 302 926 594 592 852 769 938 26 191 753 456 453 608 882 228 53 721 837 377 115 253 211 242 236 55 383 480 584 673 946 59 180 116 792 954 908 966 896 543 706 282 460 370 359 177 464 519 22 294 830 527 622 951 759 589 2 740 451 943 68 585 941 470 360 466 24 272 129 106 86 233 840 127 347 572 261 276 280 828 198 11 835 292 225 1 643 398 508 471 41 6 488 727 407 201 809 570 484 646 674 624 787 578 220 9 315 354 717 81 213 63 833 187 815 234 756 322 362 353 363 853 246 680 838 149 709 481 933 965 682 90 644 135 69 40 962 438 12 789 117 831 611 33 278 814 906 866 105 509 450 920 867 393 886 410 795 923 159 346 57 424 399 321 263 493 443 516 501 771 226 724 564 738 255 919 631 293 767 87 533 146 111 168 186 176 708 963 848 844 342 260 392 478 856 351 825 497 58 365 358 390 473 429 94 461 583 446 179 785 139 202 664 498 296 559 210 693 541 18 257 627 816 684 160 712 331 298 264 345 369 70 73 569 736 161 490 875 747 558 153 642 888 918 964 639 447 945 376 575 459 221 939 686 436 652 118 924 772 30 751 401 431 108 483 781 444
333 397 636 961 582 192 887 78 433 935 813 893 267 801 780 861 826 164 348 175 295 766 969 7 404 79 511 810 147 894 839 437 655 391 452 824 757 356 873 91 421 425 100 586 934 715 281 689 647 154 718 561 953 804 420 273 904 465 265 492 617 742 551 633 805 48 800 141 851 102 47 171 702 441 857 328 396 761 216 560 555 615 256 539 678 690 605 695 803 600 482 435 531 755 95 406 205 786 243 96 864 380 612 426 573 190 224 745 178 580 352 821 56 898 212 914 385 158 607 846 671 486 23 101 571 944 535 921 206 270 113 120 732 134 880 784 245 544 871 883 623 29 448 601 314 54 310 675 411 395 696 477 252 891 770 219 227 590 222 513 381 850 653 231 131 596 418 303 442 207 320 427 145 930 685 463 663 402 917 107 235 797 229 746 209 122 725 262 156 66 503 479 217 366 307 730 922 384 284 239 140 662 958 162 794 151 912 521 71 289 868 200 35 948 248 387 741 971 337 735 593 823 514 659 84 20 32 286 854 378 538 491 677 536 13 15 232 618 371 749 336 67 42 247 97 364 876 697 119 811 197 952 557 112 403 524 860 203 249 349 49 507 640 925 361 604 818 277 45 181 142 660 540 775 318 72 895 512 300 230 110 581 955 576 334 166 340 266 661 485 619 729 542 877 405 967 650 326 350 291 665 215 313 806 408 744 518 666 812 65 182 332 734 630 783 323 915 808 285 93 885 288 626 5 290 972 64 311 60 548 17 389 802 567 667 645 872 743 14 183 499 36 658 394 240 931 454 890 587 959 51 61 621 495 103 716 703 563 254 525 428 335 699 52 104 50 250 754 367 610 523 125 720 271 268 909 778 899 901 902 597 554 305 739 329 258 635 900 970 606 75 913 878 701 762 306 765 330 705 793 504 184 777 515 379 750 152 440 157 89 937 651 968 386 62 692 842 547 879 863 711 947 76 317 950 942 338 136 537 865 603 788 638 3 517 768 530 764 648 817 189 455 199 449 598 849 657 196 940 375 779 312 510 92 588 21 82 85 325 528 173 77 155 400 121 74 790 820 565 654 884 881 130 327 562 98 80 748 469 357 903 316 687 834 304 319 422 929 599 28 468 10 634 714 892 46 807 870 128 637 208 552 500 170 550 737 620 372 339 889 185 138 163 388 628 529 430 688 836 862 625 832 251 553 520 791 545 616 214 472 114 25 798 416 679 476 283 324 188 629 218 752 99 577 143 782 123 710 957 374 960 109 532 841 609 150 301 415 172 355 574 859 343 237 656 165 568 869 169 847 936 204 494 506 475 432 462 949 691 167 546 694 144 287 632 297 668 726 855 822 423 419 27 713 16 88 845 223 299 467 613 344 614 124 595 773 309 382 641 244 698 916 34 602 649 194 905 412 373 439 414 579 676 174 148 928 911 799 858 796 38 897 827 776 445 566 829 269 195 719 760 83 591 417 368 489 819 238 43 31 927 413 137 4 39 133 763 8 670 241 496 683 723 733 728 502 474 843 672 44 522 259 700 956 669 275 274 193 505 409 907 758 534 704 132 722 487 932 458 707 434 526 279 308 774 681 874 37 457 302 910 549 926 126 341 556 753 19 852 592 938 453 26 731 191 769 594 456 377 882 228 721 53 837 608 115 242 180 211 236 383 584 946 55 480 673 253 792 116 954 59 370 519 464 282 908 543 966 460 706 896 359 22 830 527 294 177 759 943 622 589 68 2 451 470 360 466 951 24 941 740 585 86 106 129 272 127 233 347 572 276 840 828 280 835 198 225 11 292 261 508 398 1 488 471 643 41 201 727 407 6 484 570 624 809 674 787 578 646 220 213 81 9 63 354 315 717 815 234 353 187 833 756 853 246 363 362 322 680 838 149 481 709 90 933 69 965 117 644 135 789 962 40 12 438 682 33 278 831 611 105 450 814 866 509 906 393 795 886 920 410 346 57 923 867 424 501 321 516 443 493 263 399 159 255 771 724 226 293 631 919 186 564 87 168 533 176 738 146 111 963 767 260 708 856 844 392 848 478 342 825 351 497 473 58 365 94 446 390 583 429 498 785 296 139 358 461 559 179 816 202 664 210 18 541 298 627 684 160 257 736 693 331 712 345 369 70 875 73 569 264 747 490 945 642 161 153 888 558 964 447 686 118 918 575 459 376 436 639 939 401 221 444 924 652 431 751 30 772 108 483 781
2 3 581 895
1 182
1 547
1 581
1 838
2 1 411 395
2 3 411 601
2 2 601 675
2 3 601 54
2 1 314 252
