1000
-598424119 1
-338366521 1
-133188210 2
-587256692 2
-422997202 2
-228207149 2
-502597115 2
-410808462 2
-598872302 2
-113233672 2
-559389688 2
-771125241 2
-593340777 2
-314014151 2
-546006374 2
-348406408 2
-953201799 2
-730216220 2
-715220863 2
-503756910 2
-220189286 2
-627465647 2
-551091692 2
-594534835 2
-69366702 2
-69043383 2
-757355777 2
-703415968 2
-643394604 2
-932034228 2
-635199627 2
-650670006 2
-873414785 2
-557544073 2
-292379637 2
-746728224 2
-35164049 2
-506779087 2
-692819797 2
-866392370 2
-979209285 2
-908950984 2
-237373831 2
-281353645 2
-465270632 2
-889450047 2
-664594658 2
-922870962 2
-581809073 2
-436975731 2
-688694309 2
-329296433 2
-421541018 2
-897304562 2
-136723147 2
-775673721 2
-797730479 2
-168955596 2
-598381146 2
-668804732 2
-869660837 2
-55834741 2
-824771199 2
-161515028 2
-721799039 2
-123587869 2
-727025508 2
-461851598 2
-447048775 2
-773435205 2
-339092904 2
-378712474 2
-601907844 2
-678307412 2
-649194711 2
-936679076 2
-713233368 2
-365335448 2
-137649358 2
-169231388 2
-955706972 2
-114250458 2
-596385487 2
-437091348 2
-766504723 2
-15821126 2
-244157300 2
-739489821 2
-205479020 2
-747802195 2
-959718912 2
-570737895 2
-194367820 2
-668114957 2
-720948303 2
-981066028 2
-186371195 2
-539596695 2
-181071568 2
-197036380 2
-384896237 2
-244368423 2
-626452271 2
-982280023 2
-985264497 2
-71709479 2
-393690522 2
-23967056 2
-642293973 2
-506000294 2
-716513359 2
-973370332 2
-799807982 2
-794101168 2
-810328545 2
-936698406 2
-275797680 2
-107327499 2
-134437649 2
-475669904 2
-817020326 2
-854664953 2
-574526602 2
-404052571 2
-168730181 2
-518028419 2
-262157742 2
-465887868 2
-874420335 2
-463070218 2
-12642208 2
-423764076 2
-800257650 2
-247156914 2
-546758935 2
-281069628 2
-948413950 2
-886751647 2
-815436516 2
-160372987 2
-394161943 2
-285754719 2
-440878106 2
-185829679 2
-954153699 2
-473798408 2
-780563741 2
-608880982 2
-634976630 2
-146223711 2
-349237168 2
-428608814 2
-70240654 2
-838868324 2
-137364699 2
-435390006 2
-608900071 2
-730786108 2
-302881500 2
-78268114 2
-107235060 2
-188027332 2
-814856469 2
-162047615 2
-600921458 2
-676842362 2
-31962499 2
-85210779 2
-252462058 2
-862504829 2
-261403163 2
-548562872 2
-874475975 2
-503365210 2
-88974118 2
-765105260 2
-301766746 2
-757485089 2
-703631752 2
-579956750 2
-680005079 2
-163824169 2
-195307359 2
-310606048 2
-269032918 2
-904978786 2
-349364439 2
-466785966 2
-543946612 2
-587393814 2
-815921329 2
-954384721 2
-637491972 2
-190717938 2
-62597569 2
-515252653 2
-307144280 2
-837194454 2
-766855460 2
-411167742 2
-350243215 2
-911536867 2
-512755058 2
-708480889 2
-351062032 2
-750951984 2
-665949362 2
-22501969 2
-469457513 2
-44920832 2
-878667703 2
-627323681 2
-867873118 2
-165405139 2
-993515187 2
-208623400 2
-190968774 2
-115440216 2
-162523568 2
-652432643 2
-348703262 2
-890033092 2
-953912565 2
-500289102 2
-434553975 2
-200107957 2
-550281067 2
-425748682 2
-658684517 2
-769721872 2
-909891157 2
-349325218 2
-150598004 2
-180928968 2
-833981343 2
-953897997 2
-28101919 2
-905242815 2
-620489021 2
-884434294 2
-897204931 2
-118571073 2
-38748858 2
-945969243 2
-980927088 2
-305017471 2
-557894467 2
-624633743 2
-775460263 2
-909709733 2
-97804257 2
-212329283 2
-691964520 2
-551805438 2
-532811187 2
-516903730 2
-104475762 2
-743105978 2
-407686038 2
-786759850 2
-613747768 2
-678173619 2
-962554029 2
-650586976 2
-360878107 2
-277125200 2
-931949915 2
-756237663 2
-429463888 2
-964438621 2
-737653529 2
-840645441 2
-954370552 2
-754096591 2
-433780525 2
-471200524 2
-392776292 2
-342177306 2
-87368900 2
-813010320 2
-173226137 2
-122130456 2
-533869597 2
-40754602 2
-982814091 2
-257961519 2
-44910266 2
-272104880 2
-763878770 2
-784756054 2
-515799612 2
-465101951 2
-851156351 2
-210783686 2
-823920641 2
-883130588 2
-626694813 2
-323100976 2
-269076742 2
-882013843 2
-202298804 2
-617723457 2
-712432007 2
-205397858 2
-119361190 2
-974401594 2
-574668531 2
-630345934 2
-603588385 2
-602201716 2
-806716612 2
-770079342 2
-508360610 2
-631623231 2
-607586119 2
-115006816 2
-957873916 2
-569258055 2
-318509697 2
-327610756 2
-823025546 2
-926770833 2
-332684010 2
-556784216 2
-1019550 2
-956036960 2
-627447494 2
-800292477 2
-17919952 2
-838103690 2
-519401411 2
-420993787 2
-427481526 2
-579943115 2
-429562858 2
-388742524 2
-65682856 2
-650223577 2
-461830528 2
-306414467 2
-943640582 2
-971383351 2
-208451694 2
-86760072 2
-209830536 2
-228702379 2
-549883059 2
-465005867 2
-963634213 2
-598166278 2
-276245935 2
-326563933 2
-778373186 2
-605985773 2
-400532486 2
-633990133 2
-201025388 2
-682817067 2
-104371549 2
-690919489 2
-755064536 2
-140360737 2
-665176290 2
-563966085 2
-623198864 2
-629202706 2
-895817983 2
-745661475 2
-109357178 2
-22617996 2
-118392609 2
-475906589 2
-573353708 2
-222723211 2
-573470095 2
-320522010 2
-609327584 2
-898500840 2
-202394945 2
-879029606 2
-496136085 2
-30646207 2
-828427711 2
-29299861 2
-107189039 2
-97973701 2
-658065099 2
-723785535 2
-836987347 2
-147667547 2
-723184483 2
-53474498 2
-677507564 2
-199797870 2
-173734703 2
-672303029 2
-65764913 2
-95471303 2
-623302543 2
-78184910 2
-610655675 2
-180604439 2
-630040507 2
-321914351 2
-6280610 2
-94152076 2
-714443965 2
-134503107 2
-503383249 2
-362971164 2
-215374301 2
-860975764 2
-806796501 2
-701513746 2
-47127734 2
-485459850 2
-803177207 2
-449774044 2
-841352055 2
-207274008 2
-369202360 2
-204632952 2
-329296111 2
-46169515 2
-389151530 2
-156031638 2
-591609626 2
-921057771 2
-426219337 2
-828495237 2
-12932729 2
-392851009 2
-186123490 2
-293939255 2
-345246232 2
-34765612 2
-188867415 2
-640008191 2
-202047454 2
-753883815 2
-18744387 2
-356523982 2
-644819194 2
-914734756 2
-703756888 2
-750042117 2
-816305489 2
-974770177 2
-959315129 2
-807428526 2
-183441346 2
-310652114 2
-601654186 2
-380844303 2
-934323756 2
-877616079 2
-915582654 2
-506095350 2
-393779085 2
-864887324 2
-393379963 2
-976323301 2
-38039160 2
-379465247 2
-390214946 2
-57289167 2
-862229430 2
-681845020 2
-262990295 2
-335763231 2
-178627179 2
-155951572 2
-883664159 2
-35798661 2
-697276165 2
-121011202 2
-355039717 2
-272017707 2
-766585247 2
-533154462 2
-562376345 2
-12217851 2
-99940893 2
-720702619 2
-662906567 2
-156870789 2
-369651671 2
-422572036 2
-399888576 2
-703920952 2
-849441645 2
-803806716 2
-774270721 2
-720417894 2
-562213014 2
-973483495 2
-777809741 2
-386345186 2
-917970041 2
-103219315 2
-798276706 2
-25251448 2
-229898982 2
-589659639 2
-497236381 2
-320588686 2
-859052045 2
-425773122 2
-295178109 2
-519939567 2
-619826720 2
-922979335 2
-954074065 2
-356947254 2
-482454962 2
-479916062 2
-362592627 2
-801683219 2
-563921870 2
-492901302 2
-960644624 2
-212074815 2
-411153647 2
-956730788 2
-403968499 2
-89071661 2
-672532296 2
-304798867 2
-627741574 2
-665397435 2
-730819066 2
-497428325 2
-660936826 2
-679451702 2
-783344536 2
-28015709 2
-821761122 2
-581299308 2
-562349985 2
-800412128 2
-457449803 2
-835631579 2
-258829897 2
-795457141 2
-616179116 2
-856394349 2
-586892048 2
-894235942 2
-149091013 2
-71777000 2
-790667397 2
-157173671 2
-485352320 2
-960407297 2
-731843954 2
-626042466 2
-30701342 2
-371674777 2
-343754954 2
-796312872 2
-24159600 2
-931848258 2
-614053998 2
-654284156 2
-227031484 2
-279142661 2
-126117164 2
-277206117 2
-322030642 2
-586148344 2
-541006903 2
-459350766 2
-72046396 2
-246328408 2
-733344585 2
-799767644 2
-473467914 2
-604385554 2
-54930732 2
-764289002 2
-806426281 2
-134298808 2
-828464131 2
-145081804 2
-320068135 2
-780077982 2
-16945990 2
-370858985 2
-730116603 2
-44717736 2
-176501918 2
-497439183 2
-977477042 2
-311403213 2
-511398063 2
-949181935 2
-608067310 2
-872204839 2
-450373072 2
-64275187 2
-247614957 2
-599379326 2
-307571033 2
-411352826 2
-724447800 2
-455218138 2
-367435920 2
-711886101 2
-971541906 2
-48590211 2
-394579695 2
-18781014 2
-793682497 2
-313156214 2
-573600394 2
-951313395 2
-647582687 2
-340388328 2
-945654539 2
-811561554 2
-936145161 2
-322373845 2
-356332145 2
-35688924 2
-667148762 2
-521013781 2
-168195356 2
-932962855 2
-816700562 2
-706212700 2
-703288169 2
-887914812 2
-198783079 2
-313093325 2
-66728907 2
-925636458 2
-514555613 2
-626537589 2
-569663824 2
-434070858 2
-164170053 2
-871962844 2
-71421548 2
-487574654 2
-116328381 2
-324585328 2
-930668155 2
-153210494 2
-512357805 2
-715476694 2
-499945999 2
-365627762 2
-436741795 2
-415939988 2
-811233300 2
-149572848 2
-628723532 2
-140332999 2
-282166054 2
-957542339 2
-600164127 2
-877418234 2
-599345538 2
-980139545 2
-112936679 2
-532870486 2
-702248255 2
-341172256 2
-408968932 2
-947419555 2
-662211725 2
-503853610 2
-109728316 2
-636054360 2
-4186165 2
-26868102 2
-719829672 2
-450716772 2
-169755699 2
-695525294 2
-517193179 2
-827420955 2
-544532936 2
-462935468 2
-924473259 2
-71685131 2
-443385616 2
-618665771 2
-703287667 2
-485123263 2
-561247580 2
-480361264 2
-369979614 2
-55909611 2
-315393798 2
-499531874 2
-961678168 2
-183443052 2
-876866137 2
-370383423 2
-69864373 2
-947319221 2
-944302161 2
-664030518 2
-206927963 2
-257030492 2
-773235155 2
-662110944 2
-989964911 2
-648250257 2
-571949943 2
-281096961 2
-210945723 2
-140319760 2
-51326983 2
-48777184 2
-849433325 2
-48557777 2
-336778955 2
-843080061 2
-875057561 2
-410231422 2
-198130127 2
-513803391 2
-93518599 2
-596240666 2
-936159384 2
-884110428 2
-337088441 2
-912207490 2
-197157639 2
-426746019 2
-881837567 2
-264114488 2
-887935545 2
-404039162 2
-237632551 2
-541667760 2
-933158781 2
-908176892 2
-494400126 2
-305983598 2
-292481642 2
-411981227 2
-30888966 2
-681283832 2
-23140317 2
-939038229 2
-373767114 2
-455018335 2
-597201130 2
-36336103 2
-273496352 2
-88468124 2
-627406592 2
-87618522 2
-88672615 2
-211243975 2
-4152333 2
-937913768 2
-628886290 2
-237083100 2
-688465921 2
-730521347 2
-912853173 2
-947167025 2
-329868144 2
-875773640 2
-637089020 2
-627690924 2
-501111756 2
-350440853 2
-524077000 2
-751284287 2
-132822621 2
-160660355 2
-930977913 2
-445092875 2
-65885222 2
-246637067 2
-379816633 2
-52892561 2
-112005446 2
-166164104 2
-811111898 2
-817383589 2
-627660541 2
-646061173 2
-733577718 2
-387488633 2
-884227972 2
-237180362 2
-176081402 2
-499150081 2
-531024576 2
-87586753 2
-992245500 2
-733600302 2
-199018316 2
-975593020 2
-366002788 2
-51100172 2
-488081252 2
-880446177 2
-265428211 2
-20477180 2
-805151722 2
-901225463 2
-710336752 2
-832874982 2
-148646705 2
-747059462 2
-246819230 2
-259217549 2
-884138970 2
-948926078 2
-72514683 2
-911920462 2
-832238647 2
-727104258 2
-950403997 2
-863337505 2
-728518702 2
-840952484 2
-661135194 2
-832312283 2
-706028007 2
-658364721 2
-824598881 2
-529323094 2
-318466169 2
-844169044 2
-296999762 2
-637613820 2
-230782333 2
-537632329 2
-764453268 2
-575935508 2
-988410836 2
-129679010 2
-980899001 2
-64164941 2
-67693844 2
-601372310 2
-509897545 2
-702160740 2
-952291555 2
-612952639 2
-447378179 2
-760098566 2
-981242564 2
-200999270 2
-292235506 2
-945615557 2
-94866004 2
-533415094 2
-11509003 2
-280941644 2
-276920285 2
-552431738 2
-271175071 2
-259476757 2
-932941992 2
-665487292 2
-179750370 2
-251620847 2
-712369158 2
-468986100 2
-536222418 2
-929365984 2
-607074731 2
-260241526 2
-241168738 2
-460573924 2
-296047701 2
-862418949 2
-57344913 2
-426106737 2
-138952403 2
-375446873 2
-435969785 2
-895352055 2
-966676052 2
-257086664 2
-693726475 2
-375702265 2
-150521683 2
-313276456 2
-150592240 2
-936063452 2
-618837476 2
-21358809 2
-571697494 2
-289878893 2
-366456741 2
-371973202 2
-529620324 2
-780393667 2
-819781394 2
-508108407 2
-131994631 2
-458332219 2
-92529697 2
-774718286 2
-314719848 2
-698010906 2
-835464272 2
-390768712 2
-910309227 2
-560570199 2
-137886535 2
-533166772 2
-100163012 2
-930507758 2
-685571970 2
-523964344 2
-806992677 2
-778998550 2
-860306603 2
-949991299 2
-957076942 2
-416721379 2
-670642700 2
-34430818 2
-21685708 2
-9304879 2
-93126826 2
-58117489 2
-101957756 2
-509459685 2
-405684906 2
-912477519 2
-706799612 2
-717618446 2
-807128033 2
-354376175 2
-163816516 2
-979031173 2
-937371244 2
-783362377 2
-402131656 2
-231672209 2
-798861216 2
-734778712 2
-407492033 2
-645694360 2
-485592241 2
-85960231 2
-806599629 2
-92983374 2
-438642157 2
-652266502 2
-615208717 2
-414475979 2
-508677240 2
-71345007 2
-789154887 2
-491510782 2
-871595906 2
-91993368 2
-490688377 2
-2677329 2
-113471513 2
-414016293 2
-190590961 2
-967738051 2
-119881344 2
-66637300 2
-204999368 2
-121579592 2
-194559949 2
-955837126 2
-140110613 2
-504740602 2
-143909269 2
-976565934 2
-705269390 2
-207516309 2
-103664530 2
-215132977 2
-944778548 2
-304095968 2
-63069597 2
-497902032 2
-58020531 2
-962757944 2
-559997692 2
-837117423 2
-873786582 2
-785492095 2
-554381506 2
-9270706 2
-704980685 2
-756709093 2
-278531048 2
-979103337 2
-635478002 2
-637006129 2
-364413951 2
-812723554 2
