1000
375396159 1
527962399 1
403550628 2
368119562 2
98122333 2
575071003 2
735930415 2
713872346 2
126691430 2
587408547 2
68301438 2
78445830 2
779182572 2
900615065 2
540352307 2
97512137 2
56370164 2
875603716 2
977151827 2
187655071 2
321929391 2
68890254 2
341544316 2
18277275 2
427645484 2
5442871 2
264570850 2
285260599 2
560506150 2
919011926 2
208439714 2
327219885 2
264016831 2
23590316 2
461763351 2
264552047 2
831864441 2
405377252 2
487169227 2
228156096 2
762640963 2
586718532 2
222377711 2
825352857 2
632245214 2
241442296 2
14464390 2
903261423 2
406968936 2
714904991 2
652144987 2
800718009 2
464136752 2
725253863 2
945467860 2
839893846 2
322167913 2
837912860 2
9910656 2
209587909 2
539133038 2
964300566 2
472748167 2
502872547 2
639347621 2
899095017 2
692411226 2
90483101 2
453022048 2
532780857 2
720561245 2
435449116 2
987670378 2
184142245 2
79935144 2
987563957 2
705724750 2
715488956 2
70065503 2
127558248 2
90599886 2
943103923 2
699599803 2
680868312 2
749179859 2
699057905 2
869664612 2
338075924 2
609060404 2
173722267 2
317507333 2
408436506 2
139372025 2
671475468 2
980838475 2
641118508 2
782802095 2
779396990 2
980101828 2
579651087 2
219193620 2
497264117 2
990666390 2
837750673 2
133441630 2
271519504 2
404701688 2
494251345 2
180496937 2
660810221 2
148495046 2
314915906 2
441332931 2
624342801 2
595941874 2
838748126 2
140527732 2
681915683 2
526632419 2
858502400 2
800869244 2
874591208 2
578570568 2
519133266 2
59090417 2
325125312 2
70111339 2
424974194 2
188637366 2
773674682 2
482769650 2
243702776 2
317045220 2
393587088 2
33018081 2
249807026 2
785360990 2
202762617 2
832198135 2
55639383 2
32463801 2
658622801 2
534614457 2
3062921 2
459803067 2
941668297 2
934757257 2
634913662 2
704826027 2
942574894 2
761233177 2
440031133 2
268887506 2
693090514 2
625900331 2
647698890 2
864287599 2
117073777 2
703102966 2
350905514 2
863351853 2
138738298 2
897349096 2
370114161 2
860178604 2
567747719 2
279666745 2
120446403 2
719350873 2
205820682 2
939512674 2
436943234 2
761664668 2
138444921 2
340154857 2
905916664 2
816576673 2
740770459 2
247318028 2
990066299 2
628090474 2
614951657 2
40280 2
420036287 2
766794781 2
844860256 2
524953050 2
193007589 2
225268504 2
817068891 2
850480277 2
525280849 2
45980313 2
211731545 2
684631213 2
383885789 2
417967000 2
494603274 2
359737322 2
720029143 2
299505196 2
588544278 2
495623953 2
731985689 2
534483848 2
576922019 2
90426551 2
309670606 2
522274520 2
674999050 2
730738956 2
429982191 2
428658249 2
670205329 2
157883279 2
764299116 2
178530548 2
288319257 2
962460981 2
214545881 2
482151771 2
537031505 2
78654062 2
105019056 2
641395669 2
635561946 2
410112330 2
783012202 2
640138625 2
13167362 2
527433166 2
952192109 2
588330305 2
690720985 2
730271360 2
972526333 2
188457187 2
277936238 2
975958922 2
790919616 2
395577510 2
303670561 2
223035605 2
613172362 2
127966816 2
248433850 2
617918779 2
380516326 2
387488048 2
65787521 2
929043969 2
343620619 2
949551743 2
479592676 2
799016801 2
772397 2
537089900 2
689777673 2
996606117 2
8823482 2
21158803 2
173359698 2
319747255 2
73099536 2
712006502 2
740727647 2
684557770 2
241071999 2
994814916 2
881032031 2
364983672 2
260074533 2
250785356 2
710992319 2
601962779 2
402056081 2
929377980 2
403872390 2
966695977 2
870650912 2
648910828 2
172317301 2
2819407 2
906126130 2
984111109 2
117011632 2
803941735 2
348400020 2
375376577 2
387934379 2
3083588 2
825734961 2
376673426 2
703161922 2
132852440 2
749852311 2
84965059 2
973598821 2
611433903 2
160057879 2
800579123 2
741779027 2
173635410 2
663702138 2
929442543 2
827112932 2
915405514 2
659180225 2
982530504 2
186162986 2
20966833 2
546911531 2
36997035 2
342138293 2
792435418 2
702391712 2
135989931 2
822234055 2
393092250 2
602746520 2
457191674 2
252520353 2
937015032 2
967309793 2
938489165 2
114637436 2
513843988 2
609166374 2
558357443 2
96628470 2
786934445 2
252137283 2
485055680 2
642411033 2
401294669 2
885441415 2
844888981 2
797922447 2
977070648 2
719557674 2
555171689 2
115186534 2
609941006 2
496333638 2
516977348 2
909102580 2
341518467 2
905447525 2
791510649 2
978638290 2
450092776 2
742873626 2
613196517 2
463773513 2
268620759 2
562151226 2
622041966 2
497759403 2
859108532 2
329474742 2
111015138 2
490689958 2
141533767 2
153763655 2
388809509 2
593309625 2
874672054 2
823129201 2
973594348 2
494885317 2
606022966 2
159852642 2
97747386 2
609893916 2
187257926 2
184852166 2
616712965 2
548387933 2
800334062 2
283786064 2
272287838 2
174796220 2
858216776 2
826797670 2
795159613 2
200863405 2
183015972 2
71369489 2
852160207 2
715575993 2
2339866 2
672938272 2
951699108 2
513439449 2
592199604 2
761041879 2
103144408 2
964489889 2
205102225 2
501896747 2
620268978 2
410624574 2
953867479 2
660884593 2
939135751 2
229152336 2
361766198 2
799416203 2
822249690 2
900853598 2
500247612 2
166770475 2
978093031 2
786318256 2
177474866 2
404961194 2
292280026 2
693467014 2
418853859 2
444438571 2
20716055 2
277424215 2
133540307 2
988213989 2
695020053 2
921009116 2
164025438 2
941249191 2
954317475 2
905733342 2
821772059 2
400574801 2
495472494 2
63011014 2
299554314 2
73777057 2
539928955 2
254325942 2
106490622 2
749193686 2
13290286 2
208651008 2
504855611 2
890348508 2
603170486 2
764155552 2
243193901 2
749025137 2
694330351 2
153744601 2
131088940 2
954392470 2
211892011 2
878264736 2
971509795 2
682988160 2
150155225 2
122499645 2
585267526 2
789723654 2
622669055 2
141325847 2
963974677 2
715461819 2
114602095 2
364730729 2
229870707 2
691451557 2
596535376 2
154414683 2
983726974 2
186548884 2
462931480 2
11081668 2
367767285 2
43820832 2
812151403 2
744565265 2
276863161 2
199200681 2
341313657 2
809366399 2
982657343 2
732795450 2
942690232 2
47934356 2
802256872 2
495112934 2
339754998 2
601876084 2
71591626 2
745329917 2
108531589 2
297850509 2
344917124 2
747616619 2
485542043 2
594798135 2
799388138 2
918960467 2
274929449 2
5975573 2
970798179 2
689008168 2
13889924 2
832187732 2
19657214 2
97779795 2
888322786 2
806398552 2
529477503 2
807973422 2
115006867 2
969101504 2
559994394 2
163644018 2
643240601 2
830317771 2
701083320 2
672852833 2
395018091 2
680630283 2
618582902 2
960676538 2
892397496 2
603586278 2
62872928 2
805549264 2
485413702 2
259737410 2
528413344 2
568589866 2
803646600 2
433095575 2
727947161 2
564537835 2
133777821 2
594750156 2
906664283 2
985497166 2
845974294 2
236933157 2
500286141 2
150879070 2
190090995 2
743224098 2
879054038 2
224082939 2
270046829 2
177124363 2
498914722 2
883923428 2
561229222 2
96670601 2
278261960 2
841012441 2
420353370 2
72094377 2
749325627 2
312488631 2
898127241 2
355475948 2
324878343 2
274964275 2
291177977 2
253723537 2
775093684 2
945143986 2
955443885 2
273161891 2
719232220 2
178303246 2
755720403 2
468857951 2
663060712 2
444726810 2
802338074 2
321518346 2
230528697 2
51929040 2
315198733 2
824724938 2
131778671 2
303855653 2
289961101 2
200795487 2
670003195 2
731077596 2
127628140 2
401107699 2
997973599 2
605425099 2
846638369 2
774520726 2
712983677 2
952506950 2
667157460 2
16896876 2
118291948 2
252756833 2
595591985 2
100546112 2
628989736 2
372530311 2
744121740 2
874524602 2
474404696 2
882198846 2
578331420 2
259044400 2
633085831 2
630113406 2
92412454 2
830656482 2
832718674 2
53001149 2
360391039 2
125973365 2
645469373 2
368427087 2
585683958 2
22754075 2
467733120 2
677036823 2
879757596 2
966445407 2
417200352 2
890402554 2
174656939 2
880531147 2
379974631 2
735614222 2
598016016 2
38282416 2
836591923 2
187840072 2
868648571 2
682605192 2
381849281 2
360138420 2
183290926 2
505588414 2
785272319 2
336187034 2
243629001 2
923896655 2
603705107 2
44504294 2
608449871 2
679409017 2
657425608 2
236051970 2
740140793 2
822497681 2
45306499 2
500503971 2
772783719 2
284010989 2
337785070 2
745460802 2
794530 2
182371322 2
395619912 2
330412370 2
277056042 2
912283476 2
468248691 2
160786403 2
399385566 2
871747091 2
157689004 2
492054389 2
160529059 2
377082797 2
500990585 2
153594653 2
346814710 2
105872434 2
399332085 2
44149913 2
747043621 2
196842557 2
99485569 2
191037102 2
581335571 2
309768558 2
225963501 2
257532270 2
988930101 2
11734920 2
878135249 2
908921745 2
198962960 2
384532600 2
915939827 2
347418958 2
354569342 2
337967919 2
825053140 2
131545215 2
880275341 2
474104439 2
812185243 2
822949393 2
115777320 2
146355321 2
131937241 2
885372696 2
112362977 2
207686956 2
783857815 2
508538498 2
911589622 2
16550083 2
501187313 2
232728279 2
917548860 2
933478067 2
319217837 2
132937264 2
538645677 2
695806017 2
684269495 2
284136246 2
906626894 2
799819883 2
437809776 2
528419785 2
42168771 2
36618553 2
389128442 2
622470061 2
948282981 2
824277072 2
529237345 2
356891932 2
666962896 2
242603175 2
54023886 2
1236199 2
263157007 2
647308678 2
889859001 2
971068743 2
521524219 2
418244744 2
743570521 2
782755265 2
350678152 2
678719920 2
3169108 2
315777007 2
842089496 2
726564229 2
552342648 2
132750140 2
173596958 2
295513593 2
369945930 2
208700687 2
312508009 2
358464334 2
918708541 2
246447346 2
433182902 2
240789925 2
521827943 2
636476087 2
909544110 2
955177842 2
366480388 2
119075083 2
4861927 2
980911688 2
88686953 2
460092115 2
922876520 2
229035264 2
281280592 2
215746062 2
219425628 2
607639240 2
754030365 2
156854261 2
375237620 2
154130326 2
356719680 2
41072682 2
320814969 2
844641435 2
517850515 2
766342350 2
361074455 2
456463786 2
573467312 2
985628949 2
601793803 2
24098811 2
642181714 2
489168399 2
625217292 2
469863388 2
734595960 2
934603737 2
187952107 2
898020888 2
364821101 2
15784448 2
690437445 2
276193083 2
908169367 2
925657857 2
403457113 2
122745313 2
702196386 2
113583353 2
128849297 2
74434284 2
261635358 2
819328479 2
496909464 2
570620339 2
540175753 2
711933461 2
529896842 2
42716153 2
378951056 2
725062565 2
837962790 2
729025832 2
42649376 2
412434064 2
359548445 2
85223560 2
749827458 2
783389942 2
632508727 2
134494411 2
192700035 2
850662700 2
549186266 2
438272418 2
16725321 2
203387494 2
107103827 2
17252856 2
795255077 2
714476292 2
487962660 2
374394659 2
379169587 2
155823053 2
73806201 2
749561074 2
654595086 2
666680031 2
452252169 2
741985347 2
651841683 2
185238715 2
543802049 2
413125313 2
656142697 2
578461212 2
430717294 2
197434861 2
564349370 2
158085311 2
25104966 2
303891964 2
205722060 2
450950164 2
52333057 2
295773897 2
761825431 2
807968094 2
404270796 2
464306579 2
15543881 2
778654090 2
730062612 2
747913352 2
693242498 2
528176327 2
76763512 2
409606444 2
671930910 2
856422389 2
69545128 2
673610208 2
357800327 2
469747191 2
480914644 2
953708292 2
862502832 2
347319852 2
864918770 2
646693643 2
349021012 2
438049090 2
563925959 2
761863744 2
840463228 2
474485954 2
42133235 2
998994034 2
285200359 2
75332323 2
402997895 2
377318368 2
500499999 2
165216774 2
583394771 2
984340309 2
251904828 2
438357915 2
628839191 2
649174027 2
566392451 2
130054793 2
701355238 2
200861959 2
393321694 2
868857481 2
583697315 2
434543299 2
703348158 2
657243864 2
616036597 2
297054908 2
84326759 2
540978781 2
909422751 2
616618787 2
869637307 2
998290954 2
291525780 2
969344112 2
518728068 2
551943349 2
627412019 2
919807133 2
899203785 2
117916171 2
502177288 2
998314722 2
594767779 2
340370163 2
926434497 2
850802282 2
265318890 2
416752712 2
348976967 2
804472192 2
280396270 2
851265367 2
341360928 2
787521303 2
465948243 2
186588586 2
211234584 2
392191044 2
14555239 2
668521421 2
757574047 2
980256976 2
44318312 2
911607245 2
991677129 2
828116310 2
580275189 2
542281094 2
955052573 2
816959148 2
951025050 2
965875455 2
823355536 2
622060462 2
598626189 2
317517031 2
551497429 2
889797812 2
686818750 2
591470106 2
607559769 2
830068519 2
505854931 2
901564355 2
790338193 2
691935328 2
49137335 2
518798835 2
865283084 2
54050957 2
669864085 2
292920732 2
646658116 2
520273640 2
456970319 2
932120945 2
