1000
205734471 1
599908141 2
667588816 2
-144918549 2
-752111163 2
62456213 2
-996671668 2
-366382521 2
29156641 2
-851094029 2
-960123745 2
347001611 2
504807555 2
639647467 2
643137506 2
315114504 2
-238498560 2
898478012 2
-750445890 2
-741561187 2
78051545 2
-758129136 2
-175300967 2
338296052 2
409315189 2
341319349 2
-798086531 2
-594124549 2
666679102 2
141040800 2
630490805 2
199103966 2
325819864 2
954262037 2
-357426124 2
68512279 2
475146093 2
-64848021 2
365275298 2
-673044972 2
-4009071 2
-289359117 2
-970213257 2
718658910 2
296307619 2
150871779 2
-411097037 2
232820056 2
-94127648 2
708488703 2
-689882341 2
457958223 2
281701996 2
-777820306 2
-861444436 2
-388096971 2
-168168077 2
453832557 2
557016360 2
-66120494 2
-259902862 2
-772624055 2
309904496 2
-73741266 2
-986153037 2
-366587461 2
313133148 2
579558235 2
331686549 2
727865229 2
-760676548 2
-885049615 2
58794490 2
-40564747 2
-308597819 2
266163488 2
-763751177 2
-943957431 2
-843810356 2
-201035906 2
893709551 2
390087632 2
107113595 2
113047823 2
-120710144 2
-932611724 2
417122628 2
-725541620 2
99773572 2
-155712959 2
-218312340 2
-718481713 2
-48517700 2
166861426 2
-685391896 2
888374706 2
-316480747 2
-829052668 2
-143297282 2
409354067 2
-762607070 2
-734572368 2
-105394847 2
257336994 2
984608922 2
431129283 2
841991594 2
-105957168 2
-588113491 2
419584082 2
829978292 2
32493785 2
-291928128 2
-524221940 2
954850258 2
-809579474 2
814466642 2
-66147211 2
-507417378 2
874089008 2
-72469612 2
637010865 2
-931211667 2
63413474 2
326285303 2
-172954172 2
-133541945 2
-11406414 2
839787969 2
-713580791 2
-530102045 2
429472284 2
703165632 2
805765617 2
167016167 2
316027706 2
617291411 2
-13599276 2
-622403831 2
-912724787 2
880811019 2
295692205 2
323098287 2
637873863 2
-336997777 2
-785128305 2
496116306 2
354099311 2
297764613 2
175911885 2
-798206392 2
-467830624 2
-237775485 2
-890329538 2
-542335171 2
325527478 2
133164262 2
331447891 2
871296313 2
-368111002 2
-668697957 2
268396777 2
728057105 2
104746746 2
-498969219 2
-306444896 2
510528171 2
-472030108 2
-481051508 2
-839507418 2
-645463501 2
982989847 2
528890699 2
579716564 2
456445720 2
-473362533 2
278970977 2
751076536 2
-586846898 2
-609544658 2
-484905211 2
-650460956 2
-86714985 2
-922638435 2
-47553994 2
-273918557 2
-781067701 2
867981743 2
-616897782 2
-907982732 2
-577147698 2
190512950 2
-580978329 2
323481348 2
-223230327 2
339430694 2
-418272961 2
-356146405 2
608412926 2
-320240100 2
-284873654 2
-644447349 2
195843054 2
-254041054 2
-53620323 2
946034304 2
-795926148 2
-522111580 2
828815218 2
-225039451 2
-177693315 2
-657211954 2
963302432 2
694252279 2
-482121872 2
485383948 2
-360078319 2
886439977 2
-982494438 2
110195659 2
-745463026 2
-780561652 2
-187176919 2
961936819 2
-342797148 2
260061052 2
919755414 2
-68363284 2
880704134 2
-83230075 2
393105093 2
231504551 2
-951375032 2
791730283 2
437363048 2
943249133 2
575922206 2
804956201 2
557475887 2
-23726444 2
457209610 2
951424693 2
247893856 2
-956916822 2
274990129 2
-814126473 2
-816750967 2
904670618 2
435394043 2
893292069 2
-916092939 2
533221900 2
71716151 2
-764208483 2
451894677 2
-642774988 2
-427139835 2
158060118 2
146580681 2
-80738475 2
-898082035 2
-313244146 2
331162366 2
795844013 2
404183307 2
-940418029 2
-153258268 2
-556622991 2
405762102 2
-41784862 2
-982548712 2
-950671967 2
-140210394 2
536469170 2
419502822 2
-514999164 2
-698514453 2
-544971070 2
-574032709 2
105708981 2
-539824266 2
-199912645 2
-274286788 2
721573544 2
435669137 2
698844941 2
333676351 2
-608440126 2
330332569 2
-253970709 2
953890808 2
-443529758 2
-632156420 2
-500692118 2
649007338 2
151185308 2
662051445 2
508834256 2
521939844 2
17454443 2
182136513 2
231993035 2
-239545975 2
265896604 2
-279058238 2
74707558 2
-550485909 2
389214638 2
-687080510 2
406201536 2
-535951303 2
38986582 2
452603753 2
-156562449 2
-235373261 2
432756597 2
-343528256 2
-298589337 2
409822224 2
-60563063 2
-592319399 2
548080983 2
710815889 2
842445533 2
-941294211 2
457889218 2
-685790151 2
-493733744 2
73517539 2
-845123170 2
-711158731 2
406405459 2
-519636917 2
432443273 2
-404127380 2
506000603 2
260571921 2
118022253 2
87523089 2
-274613893 2
-262978352 2
547976340 2
427139237 2
743478412 2
646967177 2
297821000 2
-697756612 2
-209243186 2
56526562 2
134209571 2
-412152516 2
653747397 2
-596352287 2
-411416870 2
108537606 2
-229344145 2
291316752 2
328925070 2
-408273490 2
-579642422 2
-20270097 2
342425076 2
-481312840 2
990385626 2
-465270161 2
370295303 2
-542761277 2
-928228739 2
-334132911 2
-197087300 2
138121579 2
-376486597 2
-512473670 2
138857066 2
602470122 2
-284523018 2
-394458527 2
-431292145 2
638450248 2
624167002 2
-312524479 2
801073297 2
97610147 2
131159402 2
123616637 2
629956751 2
875997723 2
852031090 2
985949434 2
271576223 2
-57736112 2
-847633660 2
-732791544 2
-705516508 2
167381422 2
-567160145 2
-601610630 2
830698920 2
977839882 2
-612644802 2
-236888368 2
-46962032 2
-499149345 2
677782568 2
-549131926 2
576982097 2
909074619 2
-723062721 2
215028161 2
-659840967 2
-977374637 2
17231222 2
-705056162 2
-47556900 2
737080533 2
453502293 2
-614357195 2
728827183 2
-351647319 2
-787563375 2
611042051 2
-954812880 2
243516987 2
-170701216 2
-875470520 2
-696107628 2
-69692468 2
990192730 2
-717950038 2
-775866347 2
-308525746 2
-311584218 2
145548352 2
-149560714 2
817573599 2
-897860057 2
-863390454 2
827564910 2
-338049996 2
-490664116 2
-10343233 2
-893307603 2
668571860 2
202361610 2
-791139510 2
436205265 2
942459442 2
605047756 2
302580990 2
-939480228 2
286739737 2
-318827646 2
427305657 2
-653890566 2
363300007 2
-248117428 2
-242932941 2
108404896 2
461589378 2
688427444 2
828137525 2
872318075 2
45216406 2
414344551 2
-480824145 2
-588463090 2
-327019641 2
691180781 2
-966010079 2
426267138 2
329021887 2
487424421 2
-150484260 2
641998001 2
249336220 2
769448672 2
331282011 2
358088530 2
-862522666 2
287729874 2
-907184730 2
548166500 2
-469218252 2
815581282 2
-192159066 2
-552790857 2
255298995 2
221825449 2
-768282260 2
-986914082 2
-678821410 2
589697510 2
-217492087 2
15858489 2
946728505 2
11093839 2
174022368 2
-521510921 2
-903274559 2
-920764149 2
152473123 2
-615955907 2
-507609124 2
-389625666 2
-603868123 2
422341304 2
58002887 2
-504061088 2
616652426 2
-776410931 2
-570088061 2
-250835722 2
-93465201 2
30437152 2
-972846422 2
-604120951 2
265021273 2
-200976084 2
697809781 2
-761554280 2
889857662 2
580401669 2
255567643 2
-858567328 2
-315049493 2
993418199 2
283483105 2
-226529869 2
-409876673 2
97959341 2
-755596529 2
-952510052 2
79379869 2
-128223403 2
-707623259 2
-261144849 2
216590946 2
388909773 2
457971843 2
-842636621 2
544857945 2
620099789 2
-982975322 2
-982733695 2
-484069142 2
-967905438 2
-3822944 2
245743827 2
699129145 2
-582857347 2
-165762393 2
642631134 2
834017324 2
788142743 2
-166347711 2
-570584717 2
463999858 2
-906723173 2
388202442 2
-690980283 2
-470117742 2
174360514 2
-686098637 2
521804876 2
354661161 2
971912275 2
-701840119 2
-913723132 2
752747665 2
348784896 2
452547933 2
996422096 2
291301069 2
-149226527 2
660614524 2
-580878356 2
50013713 2
-272416018 2
933194606 2
-920954038 2
145108993 2
-621168755 2
-572536855 2
65177708 2
-908207761 2
-297476851 2
814889244 2
105280710 2
20842785 2
167483877 2
103405695 2
77917617 2
887771913 2
-532528585 2
875546818 2
207922302 2
105908416 2
977689506 2
-802430212 2
-514021631 2
-209015761 2
225917073 2
738508514 2
-565167445 2
-393311549 2
626411473 2
130757804 2
-951084489 2
812703205 2
-820102782 2
977415051 2
163063236 2
-625159875 2
-983923326 2
-982347293 2
-505903007 2
-154152265 2
507003226 2
144110281 2
6697885 2
525240206 2
-388978095 2
-551079700 2
-444910020 2
-171411791 2
-280830122 2
71321442 2
-352617891 2
-767482634 2
-92354145 2
-931837566 2
-580932112 2
112468319 2
90222561 2
10406757 2
-257182576 2
-573787564 2
-311528825 2
647673981 2
334881596 2
831562348 2
-769878175 2
-904195737 2
-513417359 2
432459782 2
514917241 2
385987353 2
-598766386 2
308774303 2
-511565933 2
444700356 2
-713541242 2
563736997 2
553834593 2
-560617216 2
566461445 2
687787894 2
-552267191 2
-192976520 2
-322232553 2
33723657 2
-730873393 2
713405363 2
-428018222 2
922889333 2
-610662800 2
-713968022 2
399870804 2
335138832 2
-990088217 2
52655713 2
-154993408 2
99696201 2
-181027557 2
-938619053 2
74389663 2
74065852 2
11326752 2
-444268351 2
-75723075 2
584317041 2
879051593 2
-214254066 2
265697527 2
163675180 2
962111022 2
75908348 2
-766252921 2
393461515 2
163812163 2
201363296 2
-573758923 2
40611523 2
-509481578 2
-383508299 2
-956046765 2
-742899037 2
-394759222 2
541627182 2
153026555 2
378843572 2
185573207 2
436611175 2
553875210 2
967481846 2
622170840 2
-594368160 2
54892925 2
893455000 2
-821365281 2
-963633769 2
624759757 2
-934913298 2
-385716726 2
583037370 2
-840147448 2
-677388125 2
205869192 2
236003620 2
-217550397 2
-75111740 2
911531484 2
-413425781 2
93870846 2
568609397 2
-361506349 2
-791353914 2
567480416 2
910117436 2
449583427 2
170689197 2
944273206 2
527000193 2
-188514451 2
457208922 2
526436554 2
-262215105 2
-409064475 2
533968121 2
-685239526 2
347175724 2
196311417 2
279406482 2
-891414616 2
-124463250 2
-504939883 2
374638386 2
-856334818 2
107156147 2
772523314 2
-730491833 2
-763223962 2
-287614639 2
414928693 2
186656770 2
92462536 2
-683158075 2
-276760316 2
-725375929 2
159017494 2
125834987 2
336312641 2
745309375 2
-803808297 2
140078203 2
236883154 2
-537012026 2
-306042177 2
704857025 2
809608953 2
-713642678 2
181806576 2
-867057331 2
-596702480 2
66546958 2
-356991995 2
917844901 2
191305695 2
539472916 2
-612521921 2
266925198 2
-936782024 2
270762890 2
40624314 2
810365787 2
321241957 2
-909273010 2
-328856447 2
-335713364 2
393679656 2
232593546 2
996583104 2
-850808834 2
586202966 2
-878521783 2
-325494711 2
-946226376 2
737258923 2
-29771938 2
-39097274 2
-601441739 2
650122249 2
154729495 2
-285652168 2
-170585485 2
798699126 2
-29619592 2
2149557 2
954044405 2
-42300605 2
658261652 2
-764555708 2
-140201754 2
570971915 2
-759790925 2
-945244361 2
-7775526 2
-261640888 2
-336710327 2
-484794284 2
926528850 2
-700788457 2
910794182 2
-265756953 2
-551987130 2
95383181 2
739273376 2
360604194 2
-623995449 2
-365961563 2
-262162543 2
3505130 2
101722091 2
721597043 2
193994219 2
360618316 2
-663634005 2
-677884632 2
-409161169 2
-984008398 2
891996502 2
208335235 2
294279875 2
983037381 2
-23407587 2
561557207 2
-44184659 2
-472063986 2
809280452 2
-140182456 2
-850007853 2
687196288 2
-803930256 2
-814894242 2
-736963899 2
828453557 2
-573599213 2
371549933 2
459931922 2
-892948940 2
-88374448 2
715557423 2
-942735566 2
215720688 2
-8774503 2
469591032 2
614348540 2
-864033943 2
-506051364 2
-953360292 2
-287522428 2
-919518917 2
708840490 2
803885214 2
-276297094 2
537889885 2
-904240079 2
-156111794 2
-732599431 2
-884553628 2
-138833362 2
945461974 2
-960672643 2
-376453145 2
733596415 2
210714902 2
-121327913 2
-89364185 2
63100641 2
43171619 2
132284579 2
720718680 2
893860856 2
552528062 2
533992556 2
-129966792 2
418105445 2
669058028 2
588979778 2
-70190718 2
402378543 2
708943993 2
428936921 2
-628140468 2
151004381 2
333533575 2
-286016552 2
843521669 2
368494997 2
-741035462 2
839732882 2
665657818 2
197620507 2
396199511 2
878426894 2
144230666 2
145080394 2
-486434727 2
-416315677 2
801247151 2
624446665 2
-355475425 2
979850457 2
-607203955 2
-692614333 2
-584021204 2
-880208327 2
-833414876 2
-691734250 2
417641275 2
-869796141 2
-590372116 2
-3546343 2
480288184 2
839477406 2
-53510685 2
-21149334 2
-160610747 2
-583730267 2
239317923 2
-488382709 2
880558022 2
-822595483 2
-5833063 2
-745601888 2
-650614234 2
232526462 2
-914984248 2
29393711 2
-854095110 2
110969789 2
-216226593 2
-489758364 2
-747244888 2
-621367535 2
89528904 2
-245508828 2
-206096914 2
-670897232 2
565732142 2
13015845 2
-200068180 2
479377140 2
393106790 2
200957364 2
938498962 2
276183823 2
168458793 2
386012802 2
-985556235 2
169629061 2
600627640 2
672496408 2
-507414065 2
295529543 2
915216038 2
-527526530 2
-694469742 2
-908967177 2
208155692 2
-251105448 2
-505029338 2
407496194 2
-664773316 2
-72718210 2
76109806 2
-857149441 2
902050201 2
-841697037 2
944303868 2
332321741 2
83938999 2
-100915123 2
541179483 2
693635503 2
-941243786 2
315065129 2
-76581988 2
246402378 2
-832285205 2
