200 1000
41953 91909 31970 33298 87317 10920 99133 29447 48805 16974 88822 23539 2068 19657 22084 16093 56886 99600 68198 25782 82623 40900 90447 86532 72638 40971 33770 65956 55871 79640 74853 18865 90839 55841 82413 82907 2639 89501 79036 50759 95549 2517 69658 53055 11847 16861 69231 49288 10955 59395 7563 54886 83885 66463 20563 10830 22334 47120 93383 10746 25562 82088 38371 81934 92084 34010 22551 88542 3945 91833 19600 78470 46596 10701 16006 84658 17026 6104 53933 41366 6977 89118 15102 9577 74641 73576 60058 674 8968 25523 89629 95719 70808 10015 95892 78270 96229 67065 71740 92427 66198 22683 76183 75637 52939 43895 41808 91007 85504 30021 9405 57968 48657 37395 65571 91072 16979 28015 77618 28706 36195 77596 19837 56245 98758 63945 5517 75959 56755 90411 57133 29269 70016 79804 38028 31795 24959 1832 47571 39808 15934 48354 35369 49394 94292 50922 89261 73182 32525 16101 77229 37237 86982 43565 67498 69572 91269 20222 21402 53953 12970 24827 92964 2210 35014 25703 31334 51415 77590 5079 35618 10945 49965 72476 88987 21447 78687 43585 24194 12272 87964 10784 928 35704 53614 48825 91685 14549 40092 53488 99142 84316 78097 99903 32676 79947 47063 61860 58865 38403 
1 8 160 29960
1 115 167 61296
1 24 41 61601
1 136 184 64019
1 58 63 10319
1 7 44 15223
1 78 88 76107
2 59 101 65759
1 20 130 92403
2 42 153 24959
2 44 80 10701
2 42 133 65759
2 137 170 25703
2 29 156 20962
2 154 164 23993
1 67 73 35410
1 2 8 15634
1 23 97 39761
1 108 109 67912
1 178 191 18491
1 170 174 19185
2 17 122 10559
1 1 23 49437
1 136 170 17358
2 104 127 55544
1 20 32 39537
2 99 101 62467
1 166 177 28582
2 40 130 13343
2 69 81 3945
2 34 103 37105
2 69 157 19397
2 45 116 22363
1 6 126 99665
1 46 165 22990
1 99 134 68588
2 102 147 1036
2 23 178 19837
1 15 116 16826
1 144 161 3353
1 79 144 93980
2 50 100 1087
2 31 179 13
1 86 124 74118
1 9 25 50600
2 27 38 10658
1 14 116 80219
2 19 59 3947
2 74 144 3805
2 98 179 5517
2 110 173 6235
2 120 182 251
2 62 109 15102
2 93 157 12621
1 36 111 62027
1 13 33 59618
2 60 74 3945
1 10 59 63499
2 133 179 7469
2 73 148 16979
1 17 124 82935
2 117 199 12748
2 49 140 14164
2 105 193 8345
2 155 165 14310
1 54 129 72963
2 14 58 20404
2 42 67 427
2 100 189 73194
2 4 72 10658
1 10 75 17533
2 107 121 61
1 52 185 43381
1 82 147 66781
2 113 166 8068
1 114 125 94393
2 3 8 16336
2 19 100 2774
1 24 88 81689
2 82 143 1871
2 71 160 5857
1 84 120 38744
1 12 184 44218
1 146 187 94470
1 60 127 18460
1 29 140 67725
1 36 131 41556
2 63 71 4050
2 81 91 674
2 17 161 12621
2 68 196 2874
1 103 180 64199
1 82 131 46152
2 7 184 17066
1 177 177 81115
1 18 163 6025
1 67 168 93230
1 73 84 77210
1 23 89 39266
1 100 170 58812
2 144 160 2565
2 53 75 8139
1 39 59 74447
1 38 53 32602
1 95 109 21256
1 113 123 99615
2 14 32 4434
2 68 122 9981
2 54 184 200
2 57 90 9981
1 59 94 81153
2 12 129 128
2 10 76 2774
2 7 41 14224
1 46 49 62461
2 98 173 3805
2 28 148 4191
2 2 118 1083
1 51 78 45806
2 3 112 5823
2 119 143 1036
2 34 197 2864
2 91 120 3380
2 33 72 182
2 4 165 2871
1 164 185 38949
1 45 99 97847
2 58 173 1444
1 67 127 40080
1 97 119 70976
1 14 28 28757
1 15 53 5181
1 9 54 57286
1 97 196 9592
1 32 159 58797
2 101 171 2565
2 61 127 200
1 93 150 84337
1 55 74 5697
2 44 45 641
2 72 79 4676
1 94 126 73797
1 95 128 59204
2 168 194 3979
1 97 135 4567
1 42 91 10581
2 147 165 2210
2 28 178 61
2 86 92 674
2 163 199 4384
1 91 105 5232
1 103 131 91351
2 40 198 253
1 3 193 60155
2 35 178 1835
1 10 124 23990
2 34 69 491
1 46 46 62543
1 80 112 78865
1 82 196 59851
1 3 41 65844
1 93 126 87254
1 72 172 48530
2 61 167 1036
2 38 113 5537
2 104 128 2771
2 190 191 25405
1 75 75 9929
1 186 194 67614
1 137 142 73587
2 122 164 1210
2 45 50 2502
1 84 151 4915
2 102 130 210
2 82 107 2533
1 27 171 85778
2 110 195 13
1 89 153 41192
1 100 129 97172
1 37 133 84189
2 28 91 5537
1 128 135 14565
1 105 199 26828
2 45 66 35
2 129 178 3979
2 124 168 2874
1 58 126 91137
1 24 170 17594
1 89 142 59344
2 107 148 2874
1 90 165 65658
2 26 26 4986
1 38 75 61178
2 121 150 494
1 31 132 56386
1 29 98 81371
2 185 196 12009
1 174 176 63406
1 157 191 25493
2 87 93 1083
2 59 71 3945
2 91 91 3082
2 177 182 15502
2 2 135 3945
2 13 82 816
2 38 58 641
1 59 83 23747
1 120 143 7573
2 64 76 5537
1 133 152 97164
2 31 110 28
2 44 45 1847
1 144 166 25398
1 101 164 67078
2 26 51 395
2 111 117 3380
1 10 39 18996
2 119 135 950
2 6 77 816
2 31 146 2836
1 50 192 88456
2 24 198 1083
2 128 147 2825
2 45 88 427
2 166 186 5079
2 127 189 1192
1 51 168 83507
2 16 118 8912
1 56 146 15114
2 17 137 2825
1 152 172 26007
2 152 168 3592
2 37 166 2874
1 94 133 91832
1 11 32 41343
2 153 192 15376
1 27 105 30264
2 60 145 1477
2 95 144 3380
2 71 151 2771
1 123 196 94235
1 38 69 44122
1 20 67 2247
1 53 84 59794
1 128 174 52994
1 98 152 69704
1 89 97 50831
2 159 172 3979
1 11 21 93530
1 71 84 24948
2 131 169 2210
2 9 145 1274
2 48 122 5381
2 53 60 711
2 46 184 2680
1 54 144 54541
1 32 149 42199
2 112 115 451
1 87 180 23217
2 81 168 1964
1 144 185 48217
2 137 198 4227
2 22 123 1624
1 80 197 93736
2 31 77 1741
2 5 153 420
2 20 54 1847
2 45 77 139
2 110 175 5475
2 143 199 14569
2 10 14 1751
2 81 110 952
2 66 145 3805
1 53 78 48393
2 134 167 2043
1 6 51 23022
1 21 80 36324
1 98 127 85266
1 42 138 65341
2 57 151 3518
1 100 159 20967
1 3 87 33597
1 112 200 6677
1 91 124 54216
1 36 184 81238
1 18 35 40426
1 132 167 98805
2 90 188 3284
2 13 159 392
2 170 195 164
1 58 182 35527
2 182 183 1192
2 20 159 641
2 55 87 2774
2 2 159 270
1 44 95 61521
1 94 158 61464
1 72 128 74615
2 59 157 3343
1 77 106 41083
2 55 120 983
2 116 174 1668
2 88 169 161
2 60 76 3290
1 46 119 63108
2 56 76 491
2 11 80 641
1 75 199 74968
2 3 106 2068
2 101 175 4183
2 86 93 2943
2 2 10 14224
2 68 111 3855
2 58 86 9077
1 39 106 72756
1 35 76 49663
1 129 163 57972
1 64 84 19069
2 30 56 1538
2 39 174 161
1 131 195 47370
2 24 57 3574
1 96 179 94945
2 63 103 3945
1 18 101 15140
2 67 111 1964
1 2 32 41190
2 171 183 5076
2 30 160 1036
1 7 111 6557
2 121 143 403
2 114 122 1149
2 83 138 1256
1 34 175 36682
1 97 169 89186
1 15 196 95056
1 22 43 28326
2 101 114 61
2 31 54 5241
1 152 174 65566
1 116 126 25623
2 115 146 1835
2 65 110 4676
1 33 135 88152
2 96 100 3518
2 89 112 3343
1 36 171 87052
2 96 164 1964
2 4 157 200
1 6 31 91610
2 43 146 641
1 28 186 60123
2 119 167 2565
2 158 187 5076
1 50 186 9163
1 41 59 34796
1 68 197 34841
1 35 63 69788
2 161 177 1668
2 144 174 13
1 46 78 15182
1 128 133 96548
1 12 128 81750
1 31 108 38895
2 65 198 3008
2 68 68 182
2 10 17 2068
1 15 39 11094
2 114 191 4183
2 33 57 5241
2 161 186 1387
1 52 170 70279
2 108 129 1871
2 123 191 5703
1 4 11 9618
2 2 159 1621
1 61 162 2695
1 28 180 70052
1 43 126 52676
1 88 96 99522
1 9 192 77938
2 35 84 2219
2 27 43 714
2 86 195 248
2 128 169 691
2 63 80 1981
2 54 143 1621
2 141 155 341
2 31 93 624
1 53 58 64755
1 44 94 55959
1 79 162 18746
1 33 177 55646
1 89 196 69446
1 66 147 86315
2 119 199 5332
2 43 89 2571
1 72 82 86210
2 90 192 4902
1 160 169 5208
2 88 191 1087
1 145 194 21630
2 50 140 648
1 51 151 37756
1 97 144 70072
2 6 112 4434
2 105 184 1488
2 117 140 1477
2 20 84 1378
2 169 172 3979
1 124 140 78410
2 137 141 1576
2 26 111 79
1 11 65 65477
2 44 180 382
2 84 140 161
2 93 196 1192
2 96 119 823
2 10 16 4434
1 71 117 60671
1 121 177 83121
2 79 175 1755
2 148 197 5454
1 24 142 95577
2 196 197 3827
1 86 190 93387
2 62 125 183
1 81 95 46061
1 147 177 81223
1 16 145 92100
2 147 151 873
1 24 34 2520
2 83 128 1871
2 109 157 950
1 69 97 33402
2 105 190 8825
2 169 180 5076
1 29 199 85254
2 96 156 828
2 58 197 1083
2 10 161 2357
2 27 191 2571
2 101 185 164
1 26 40 42655
1 126 175 48332
2 97 121 1871
1 65 181 53063
2 29 83 1395
1 86 104 88618
2 44 98 420
2 1 1 41953
2 58 98 674
2 147 160 1210
2 68 172 1532
2 30 149 210
1 31 192 81295
1 4 104 5216
1 87 111 77382
1 8 128 96895
1 74 184 34242
2 58 99 486
1 8 119 2942
2 28 180 2828
1 12 12 95754
1 37 123 87018
1 129 150 4472
1 138 153 66126
1 104 115 65363
1 69 105 81602
2 40 123 491
1 139 192 44260
1 70 167 55991
2 81 87 2571
1 21 57 46350
1 138 171 61776
1 10 167 99620
2 157 189 267
1 3 113 54463
1 22 112 7072
1 170 177 8688
2 65 116 79
1 71 181 41139
1 47 185 50378
2 20 92 427
2 104 125 458
2 146 181 5076
2 25 114 1160
2 160 184 164
2 133 137 1835
1 27 148 49690
2 56 93 387
1 49 69 72193
2 53 129 1621
2 117 179 5076
1 85 199 70235
2 27 86 2686
2 62 186 2210
1 158 195 2708
1 69 177 97924
2 66 130 2524
2 104 106 1294
1 76 82 37319
2 110 143 2094
2 62 82 200
1 3 146 55902
2 10 58 270
2 73 92 313
2 30 140 128
1 19 170 63974
1 135 149 63841
2 62 174 267
1 140 172 23559
2 112 178 2371
2 55 156 1835
2 62 67 1803
2 2 109 828
1 119 166 68351
2 2 110 2524
2 2 141 139
2 1 18 2068
1 103 200 59767
1 69 146 63744
2 40 64 711
2 106 107 648
1 95 193 74634
1 26 89 67441
1 105 194 87305
1 92 169 27752
1 152 191 12075
2 76 142 1871
2 177 190 944
1 62 164 23748
1 2 56 18680
2 168 168 267
1 103 138 30149
2 71 156 589
1 32 134 30163
1 6 9 56678
2 53 138 139
2 33 69 1538
1 65 109 58718
2 5 73 1741
2 32 150 624
1 36 186 95111
1 79 162 69950
1 6 80 97898
1 52 53 88108
2 10 191 219
2 126 168 1110
1 20 54 60
1 36 87 89369
1 2 160 19648
2 35 65 2558
1 179 190 43090
2 153 171 267
1 11 113 17204
1 139 147 24365
2 79 198 128
1 20 95 44710
2 18 120 491
2 3 167 952
1 40 103 95313
1 21 167 61537
2 71 186 2520
2 4 130 1528
2 161 174 1271
1 43 173 9037
1 30 123 80827
2 72 162 458
2 53 181 254
1 33 127 30150
2 123 161 13
1 45 152 82564
2 141 162 179
1 153 165 86996
1 1 50 17811
2 6 163 983
2 15 144 1755
1 65 188 71331
2 31 44 2326
1 123 137 60815
1 47 124 43990
1 96 105 27142
1 95 196 10483
2 34 67 1803
2 72 104 382
2 11 150 685
1 12 103 306
2 37 51 54
1 58 149 68861
2 19 23 2302
1 32 149 30428
2 121 157 13
1 147 155 30944
1 18 127 4840
1 81 176 9746
2 78 121 5
1 14 185 37192
1 48 61 54362
2 62 71 1742
2 6 135 1315
1 68 194 669
2 10 22 1453
1 4 166 43636
1 61 108 8356
1 48 199 67638
1 49 167 1735
2 10 198 1172
1 26 42 79046
2 18 200 1163
2 83 177 1407
2 176 194 1580
2 91 165 1086
1 62 174 50961
1 37 119 3665
2 133 143 1374
2 2 51 752
1 3 160 4479
2 83 183 1139
1 111 160 93825
2 62 152 1545
2 158 200 850
1 21 64 34976
1 27 126 65984
2 10 117 38
2 39 143 600
2 19 74 29
2 99 154 1374
2 62 63 7
1 39 123 40630
1 121 141 33001
1 87 170 72988
2 77 133 625
1 18 81 26560
1 188 189 34240
1 9 86 99263
1 88 146 98664
2 31 181 2011
2 3 40 564
2 54 100 25
2 104 152 600
2 127 196 1529
2 21 56 1258
2 88 194 780
2 7 145 1453
1 130 138 702
2 94 172 1007
2 6 26 1751
1 1 158 23042
2 36 185 560
1 138 173 96472
1 107 153 8965
1 2 45 12726
2 42 95 1315
1 50 193 67091
2 34 59 2462
1 126 128 19766
1 31 89 87457
1 47 163 76741
2 3 133 1453
1 26 79 42857
1 11 192 20329
1 57 84 7229
2 128 150 317
2 46 53 195
1 107 141 35674
1 66 90 3651
1 96 148 88469
1 130 155 21895
1 135 193 87545
2 11 181 8
1 49 79 60310
2 24 188 672
2 79 89 1596
1 147 182 84727
1 96 127 18129
1 51 129 46926
2 99 122 480
1 161 199 15718
2 77 198 248
1 135 173 66343
1 61 68 51331
2 158 185 2077
2 40 51 1258
2 5 93 35
1 9 168 68947
1 93 158 37593
1 51 163 39648
2 54 116 180
1 57 92 22549
2 10 156 2116
1 78 108 80562
2 77 170 541
2 6 65 275
2 35 133 403
1 83 164 97678
1 64 124 60103
1 47 170 73743
1 131 183 6883
2 8 16 1453
2 4 194 248
1 54 129 17005
1 1 196 39647
2 13 34 1000
2 33 107 7
2 10 134 441
1 93 142 17045
2 144 183 5448
1 80 94 52077
2 29 167 7
1 36 181 92232
2 64 156 341
1 47 167 78051
2 17 174 179
1 159 162 9408
2 17 102 521
2 4 93 1453
1 9 125 16803
2 50 174 76
1 25 137 28215
1 8 108 93115
1 15 185 41202
2 87 96 7
2 7 63 1375
2 28 103 1380
2 107 109 111
2 137 196 22
1 6 9 55409
2 151 178 267
1 26 194 89053
1 45 111 42272
1 53 119 53706
2 45 188 1172
1 6 132 54325
2 73 192 259
2 137 144 253
1 14 170 5945
1 8 13 37322
1 75 178 4179
2 165 186 2077
2 122 193 1111
1 59 116 40897
1 1 47 40416
2 25 41 1375
1 29 200 95933
1 86 126 829
1 66 185 30861
1 4 68 87368
1 73 180 44267
2 51 132 200
1 154 157 79039
2 19 140 79
2 74 179 451
1 25 128 89901
2 21 136 2302
2 3 15 1302
1 27 36 76152
2 149 198 619
1 149 169 84371
1 81 104 40457
1 85 171 24845
1 36 194 50479
2 119 121 210
1 129 175 24647
2 131 181 179
2 5 65 582
2 7 11 2664
2 24 182 472
1 36 44 25271
1 171 185 14599
1 184 200 4260
2 10 110 262
2 27 38 1944
1 124 133 19796
1 40 153 93608
1 16 171 57171
2 141 156 251
1 177 188 20576
1 84 151 99835
2 95 98 517
1 13 127 58841
2 27 70 510
1 65 140 43222
2 36 55 1184
2 72 77 1244
1 113 114 46706
2 7 175 111
1 76 101 78526
2 155 174 589
1 101 140 74444
2 48 82 968
1 100 198 55763
1 40 167 87852
2 53 177 345
1 136 150 51775
1 5 188 97585
2 113 126 403
2 89 146 281
1 19 108 54666
2 99 144 384
1 57 178 71194
2 45 174 79
2 7 71 275
2 67 116 5
1 42 64 36418
2 124 130 130
2 106 124 76
1 69 197 86544
2 72 121 79
1 2 59 55492
1 164 181 99490
2 18 72 345
2 52 82 1006
2 131 157 384
2 57 104 521
1 129 168 5184
2 15 83 1006
2 6 168 29
1 1 103 73375
2 121 188 775
1 22 79 9919
1 1 179 96046
1 97 105 34070
1 63 67 37894
1 24 120 82811
2 80 106 180
2 47 60 1184
1 62 82 30369
1 123 148 82689
2 119 120 183
2 52 75 1006
1 13 119 236
1 34 127 36536
1 96 131 77422
2 135 187 541
1 118 189 57538
2 188 195 1580
1 11 44 69878
1 34 104 66425
1 61 174 69944
1 106 107 17570
1 148 191 72290
2 134 193 11
1 82 194 53784
1 36 192 72649
1 79 144 72948
2 77 113 84
1 158 169 15363
1 152 169 19074
1 75 163 40848
1 80 153 27293
1 63 87 61476
2 52 154 384
2 78 164 210
2 147 171 1007
1 83 151 96028
1 99 118 38195
2 11 125 505
2 52 188 863
1 152 169 19951
2 50 159 5
1 144 200 63063
1 4 164 2275
2 55 166 718
1 29 42 93702
1 72 114 82017
2 33 55 25
1 86 197 55503
2 42 85 1334
2 1 101 658
1 162 174 87317
1 95 147 26820
2 27 96 108
2 136 144 253
1 130 199 8262
2 71 195 200
2 85 98 493
1 25 96 81174
2 65 117 457
1 15 79 6203
2 116 128 708
2 49 160 1407
1 11 92 94887
2 174 181 11
2 74 128 76
2 38 198 204
1 132 182 46120
2 24 58 986
1 35 165 24579
2 146 158 179
2 26 89 793
1 177 180 7995
2 132 157 251
1 9 36 79723
2 14 188 167
2 86 118 81
2 108 118 76
2 39 135 222
2 26 177 464
2 99 103 76
2 89 126 412
1 8 67 20107
2 90 164 560
1 64 158 48583
2 99 115 137
2 11 60 1755
1 125 183 10813
2 69 193 161
2 32 181 12
2 90 108 493
2 4 93 79
2 125 153 253
2 34 113 185
2 52 163 179
2 84 98 132
2 38 81 936
1 26 75 54246
2 104 106 128
2 15 103 1138
1 83 194 16433
2 191 193 850
1 44 79 56235
1 27 125 81441
2 164 182 1702
2 25 79 13
2 21 172 12
2 46 182 76
2 27 68 112
2 5 30 1685
2 68 172 167
1 63 151 44730
2 94 199 999
2 14 52 1784
1 28 48 17488
1 18 22 13108
1 111 181 9172
1 27 195 80740
2 30 89 139
2 93 180 341
2 71 80 52
2 115 184 672
1 64 135 92093
2 48 111 200
1 24 171 65139
2 86 173 267
1 91 114 80405
2 46 126 61
2 3 161 39
2 4 195 1245
1 148 184 77553
2 81 89 12
2 59 160 28
2 51 77 139
1 68 142 2415
1 9 40 15306
2 3 21 555
2 194 196 3216
1 95 102 89277
2 54 90 121
2 117 185 1139
2 188 191 1580
2 11 79 35
2 95 195 259
1 31 161 86627
2 7 169 317
1 104 105 28939
2 4 38 176
1 21 116 75324
2 175 193 275
1 7 111 77573
2 34 168 1360
1 34 76 22087
1 70 115 68378
2 61 194 480
2 35 67 281
1 147 191 81075
2 111 122 215
2 166 193 523
1 158 165 22750
1 43 174 5562
1 87 101 67817
2 3 74 555
1 85 157 39130
1 32 125 91230
1 133 146 36429
2 23 82 1475
1 52 120 55056
2 21 156 210
2 55 162 236
2 26 128 25
2 34 146 493
2 3 70 121
2 168 183 2326
2 70 181 541
2 141 188 13
2 1 41 29
1 99 159 45562
1 36 98 37939
2 51 120 1261
1 135 144 3771
