10766500
5833577
14269097
13811147
18598976
6165898
17417509
11361819
6477045
20374369
5668192
7996963
20594261
6350691
11358605
12087766
5421783
13693716
7908911
7473535
13153300
9681891
8317766
11433882
17518320
12863521
16411912
12149108
15065590
10357361
9612304
10444383
11700284
10039899
9428882
23447999
9163559
10957402
12612677
10867517
18638362
15668768
16778173
5308395
5762150
8190756
7864401
16377446
9237458
22730288
8807113
6221631
18779506
16842519
15144583
16456530
7622230
6134613
19301832
11342234
7103830
13076458
16456667
11208100
21227782
20836938
6907375
13600248
9619322
6097077
14276351
21305380
11004536
10635789
9664874
7177569
14362171
20720706
10215999
14238518
6053927
7810312
14293026
21852804
16936870
19447033
21748049
12425598
18677698
13069320
19110149
19119777
10466330
8716416
10555016
15975173
15092166
10072075
6624800
15590172
12312050
18752130
8688172
10569746
16603371
10622572
10677530
15651185
9113261
7420011
14379858
10393607
22643502
21944990
9299204
9036461
10456627
18207849
10640378
9068690
22570671
16625887
11927696
10971033
7940441
15685142
9975290
8718796
16010844
12113448
6337050
11079706
10296761
12046776
13152353
9875719
6589235
3314990
22814813
9455557
6252603
13780553
9155585
15981971
11560671
10018554
11857720
12795039
9446700
5715935
10348379
7511172
14514840
13275044
6339978
7780228
13831259
5215590
8238526
13167069
22238860
10963603
6618341
9888508
12966114
15337438
14993542
10795681
13326805
18059093
24832700
6891048
17841715
16952010
14088181
10739320
10983820
16390164
11271816
7007303
14427622
7967702
10986902
12053211
16701670
16211108
14065142
11180404
10349979
15160502
10243789
17416931
6298098
10605804
12417946
8944120
22084521
10658257
9364589
8612505
13238800
12058909
11165488
11728596
10621529
19793985
14822408
11897591
9869305
17296984
15910984
10485308
11725386
9550253
13156581
14161155
21968594
8365418
5737739
5024481
10211375
14543251
1837806
18732233
10137372
20537563
9971535
15415167
7039510
8022547
8130581
21549924
16847747
9245154
15131605
12825714
19512766
16252995
8859882
22376387
8388041
11029701
11380599
12234417
11262622
13644318
11457162
10303853
12584645
8782287
23138430
15646308
7027205
12768587
14449097
14913129
6873796
16128588
23068786
4011241
16633992
12763489
19157337
6693165
13641715
6202847
14883002
11293300
13594953
12440563
6409946
13464231
6898633
9275345
12231497
9968886
9213020
15926779
8044368
9127956
12285365
14585014
6950427
14182025
12723195
9523761
10437667
20341304
16202993
18362469
17374158
12272874
7034024
17045525
14773670
10836054
15954168
11906162
13710309
16453205
11602089
17149412
16980936
9552308
9378098
16125502
11500372
7980481
11826989
10299620
9982041
9589671
12821794
12181333
6125628
13744883
7113787
4557469
7309608
12593880
10006662
13058469
8333593
14617827
9153229
18098137
7280268
10648453
6568401
4534809
8742038
15788682
9752200
13488483
9623815
13067227
8612135
16645960
15800360
9438553
16938104
9302284
10034488
11500697
17094306
22835603
8790920
12495373
17000119
7839252
11938098
19163958
24582215
21519352
10769960
12416390
11477118
14834233
21856195
21040665
18439722
13698005
9715384
12629707
11282842
16990821
17302888
13143400
13510872
11706037
10286859
12122402
10135089
11922322
9758691
15038808
13269011
13747632
10384365
9428214
16420801
13802084
14263838
12438006
13100217
17597972
12663066
6956890
11798805
11850582
7599520
6661160
18569807
18568348
14949684
15894637
2329053
8864484
10190064
23395979
12035942
12233039
13485246
17018831
7819933
12412922
12221801
8737125
5867959
10819277
10443570
13863006
12764200
7928223
11178660
8056111
9893334
11526801
12070620
17885688
13263085
11650295
10167163
17185940
10085344
9477597
12523954
10182586
20487308
13420627
20455823
19437121
16283186
9213031
10690160
11634116
14856736
17259087
20882246
12274923
14127079
15192537
17647674
9070396
17545125
11498269
8562336
9149220
10945925
8104272
7010511
12198481
10975760
8086044
15572893
12974997
7854968
11333296
11962042
10630926
9574462
10387663
16365094
17940237
11941408
18880696
7862109
12046779
17430588
18844929
9474636
9083430
16100965
13079168
14243557
19619205
20215245
9231331
13056201
10365119
10501892
19695916
13231241
10524171
13530325
16304472
11135069
13009617
12155753
11955494
18585107
20446583
11352539
11061220
7347507
13164112
14447334
7842268
4732434
12134218
16126318
16972040
22616334
9166780
12669552
13627053
10230001
14348782
7385829
5998079
7704037
15404844
8790391
12614808
18673919
11266489
23980103
20725518
10201898
12544794
12126343
14527132
18111706
23880453
7856435
15465635
10693719
17556120
14029039
20606927
10716850
19527172
10697369
13054318
8820894
7919359
6258463
10086902
18058238
14395625
11251740
12897371
16141376
8694392
12087002
8001041
6444338
13152778
10133688
8699442
8004412
19725372
9258822
7597786
13012456
5081230
11500910
14048992
23550350
21705155
16062778
11969608
11207511
16478499
11547922
14878599
19610271
25245179
8570853
11605807
6507042
11055919
9191519
23369897
12614393
17946937
11763574
19749520
10593805
17430533
13563146
9066815
6848327
14854299
21242446
10424238
9414740
7165391
15873113
11681143
10140162
13601931
16794180
10033975
16959558
17000915
11867359
12673703
13955919
17989826
20556471
4475952
13951563
11593631
13608277
10599734
11065463
13383846
17285896
8120297
6070009
17975185
17253183
11068251
11803185
10495090
5530667
14091272
8499665
14910466
9965752
12040217
7361843
16406624
10706751
11643712
17732119
14923966
18196846
13308228
6595952
12026561
12921402
10840179
10657330
16670641
20042302
12009197
11569215
13759756
15256763
13895311
15797929
12275578
11721087
6943156
20087149
8202840
11555321
9746665
9414045
8143653
20155673
10923808
13174312
11129352
11540642
11910191
6990708
9926766
23935159
12267587
8912956
14840070
12062784
13235551
15126427
7972659
13255401
10335676
15615631
10443019
18301179
6776785
12403073
12324950
20579567
10822997
8693387
19789657
8788998
7622318
11755400
9733009
11120380
10653269
8283156
8626344
20420707
16702044
5324446
11672999
9565388
7550979
9434460
10731808
17854367
9607619
23279274
10285621
11965724
13716626
16571637
15757773
11311389
9936035
13719164
4665409
15462398
8064627
13662888
8714046
9074270
16533416
12557730
14775586
10389022
14077329
22008174
5430703
15002803
7083122
19345279
16415329
16643032
10836127
6692398
17375069
17393765
12104193
17435918
9543727
6057901
14992617
12921625
6360804
9473758
11473205
15485877
12932619
6166900
8992346
10708374
15191916
10938131
15612387
17893215
8421219
8511455
12906220
14772435
24238472
19485191
9694109
14727533
10863997
18603728
7302449
19025779
13299724
11575571
8521621
21363245
12642954
11864223
15783202
14985750
14544131
13273555
7531448
8459192
10884815
11196372
8865206
20668882
15168569
12341897
13355905
18718609
17939675
11094872
8384943
14413251
14536995
9756451
12547248
8859526
8434128
14321526
9485132
5742553
8267384
13640111
8243060
11545645
16628824
10869540
8452206
17763154
10470315
4753475
16125956
10761408
11567971
12302515
15208670
22281890
13244314
8729040
7038858
7752075
10539161
12341315
7419642
21519147
10421326
17354398
9157437
19850572
11746790
10863210
13846349
10630913
11521881
13141173
20845526
11644215
14482679
13068187
10869668
16411464
13916072
18270977
13772422
16918514
17083000
9515382
11027959
14035119
10117860
7365748
20789854
10977389
13809596
16793345
8814102
7314515
12991247
8862178
12825585
10219980
15340897
19983225
15920055
12563377
18199846
13767848
10721189
12950194
15333613
21066377
15687923
18185339
17572439
7791176
12999579
7545598
12795269
13951001
16969019
11771705
16180195
7732387
8967445
7835727
15297970
9001770
15185307
6003578
14199834
8826819
16781340
10758200
7043458
23066642
14672859
11658336
20417183
13540614
7828676
16054941
9565070
5818854
4251082
17057861
13452023
13593693
10957193
12584403
17328062
2134793
15060596
11953686
21833490
6909603
11899504
15918225
11413698
22389126
9106683
13871697
19459321
6402046
9681975
4887819
5650035
5662641
11923802
13290936
13437480
11216065
22044009
17500376
23585294
10078676
18325855
16430160
15385987
14656730
5616660
17876541
17190767
10973816
17646721
13994738
10114384
13969276
10409383
23763890
15758233
8262399
17532355
7964462
5165921
8567281
9849915
12263982
12722839
18437096
15083649
13489230
4774862
13412924
18592611
12033408
3248524
4230153
15869025
5700904
14637476
9137395
11731118
16464889
3113819
21994427
6670866
9136740
18435033
22299886
9487231
11923351
19684875
15431325
15192881
18355615
15218179
14282424
13247999
16960595
16899025
10564276
10722012
8994813
10850757
7415650
8986052
11356793
17805107
21512609
15544993
10572011
13624926
22490320
9145102
15684756
15654053
15706910
14495082
8483012
10785171
6105319
11306681
7243405
22756962
6579291
4797917
11378162
10493220
14282490
14879434
7553618
9203722
12736067
16109444
13488826
14098649
9867196
10347758
15727646
17897208
13593848
10319724
10891973
16003728
14133565
16745212
14337341
17123827
10271154
18907101
19186294
10317725
10611981
8188770
10895422
12525534
15163402
23585651
6862186
8871732
22260017
11848061
12187370
13759334
13745824
20928725
14910950
11928788
12632470
19503930
11039910
8906795
15492157
12966029
10418088
8741287
7309259
14131121
9486164
6511085
15621763
13536246
10741821
12810918
20754455
13143894
22173602
9539664
8444314
12119672
13219634
12496865
7695606
19467601
17086182
8473038
14567496
18260313
3787651
18545133
10234370
16680823
20763013
10707986
11354640
20025847
6900304
11658561
7204715
16269691
6874430
18814729
10447461
12078849
12956821
8198638
17351254
17810964
13151842
5300014
18692908
10655198
16625096
8409890
18264463
18185235
18247385
7703844
10686029
10951467
14739458
9640560
7088585
14159663
12861661
8914050
14095015
9559395
19492224
8980842
10102344
15208714
16448508
11396812
9067635
9066479
18901725
8804320
16959849
7749907
10433436
12731867
13504553
15085331
9277361
12693717
15092066
11223411
22414416
11785795
9634271
9656700
7809784
12419189
7467010
12181070
18421693
8586226
14949730
14263115
14173968
14168432
6119236
9185360
17363157
7247280
15639726
12975941
17705111
16179422
10650922
17556094
9212245
14945118
9275309
11797871
9526449
17543772
20589582
8647928
11533896
9585591
13061081
10020490
18272183
8911632
9698312
13064731
11060443
13329408
13155886
8512601
14132496
8784115
8665681
17671846
8016276
17466348
13307345
12944770
10185151
12804203
10785761
10208816
8142862
10900457
7632079
17667603
13217086
9822555
11224671
14988228
12198336
9314576
10366831
8270887
16523820
8321043
8957998
13730390
14089391
5342773
14171553
14972266
11373554
5795009
7606917
10100412
19406381
9076875
19348959
12119800
14291669
8200953
14764329
7349350
11476780
5406140
12653999
13009481
10004051
7744535
6390228
23834442
11281664
9450103
15051946
8355817
3404555
2570015
10638792
10721857
9771563
12599715
10901675
11259776
11445841
9163155
12563708
8040813
10403467
15847138
12393595
12279999
9444228
12303916
17905716
23607144
8225573
8166388
7003266
13330278
11054324
15152930
6449457
20597223
13189471
10373480
8411966
12001777
6739807
8070025
10604571
19204658
12937595
19046341
18305655
11928029
14661624
15677224
6246004
12895325
12078201
18667821
19149086
14157400
14659985
25554652
7956368
6225531
17994451
13492114
14506158
6532852
8025029
12197590
8785928
22023538
22164458
8202403
19305609
17382763
8031449
14860911
8916856
9940268
19281157
14722816
9742625
23804302
12514405
7797927
9382811
7906521
9130390
12003162
9943472
11226217
8420024
10542585
8119787
13409635
10409924
9158647
7752204
12222075
19787391
20978062
17189109
10843417
22496814
12624646
11210580
6350117
17905161
15214364
9608652
18776821
17155261
14360628
6878082
7566931
7083810
20002997
6118828
21292395
16686345
23005256
6604564
18084402
16355373
9522175
12763550
15183325
11820102
9599364
18324861
22075898
22396766
14240929
9765726
17969387
9590527
10434046
7804198
22539775
16112279
13321843
11531677
14433565
19013821
8112783
19992630
13047951
7658792
9420861
7559883
14451080
12185267
8136328
12283571
11212606
13811224
9578218
14556217
18517890
6957974
10345608
13673560
23009909
9685278
17163799
13850664
15770476
16595444
6746488
14329788
17715097
13935997
11035094
13310938
12537009
9199244
9477115
7680029
20589261
10509200
15842952
8115923
19265175
21471239
21112333
7912817
6355121
22332798
11249653
17097958
13228828
11633978
10359907
14044746
10273618
9453159
12642440
11402208
10112774
4652582
9063764
10351137
10475185
6887110
