10989909
5715519
14581430
14100078
18895622
6165898
17840908
11627894
6525516
20853285
5695551
8141926
20810489
6406242
11496437
12323902
5349821
13995799
8026604
7627880
13331504
9766047
8507278
11512160
17947865
13034510
16760116
12394772
15370380
10409069
9801794
10521216
11920554
10172508
9492704
23963076
9329222
11181232
12908557
11031020
19003408
15979320
17146661
5308395
5851746
8324357
7940201
16693794
9448744
23268940
8819263
6206085
19207011
17046015
15343728
16868922
7683759
6134613
19730308
11433284
7209638
13360758
16811837
11396990
21626893
21343801
6831020
13818465
9659216
6123465
14589318
21715322
11132944
10869148
9722547
7281643
14600177
21101565
10446815
14437080
6084460
7963375
14603241
22378250
17326601
19780238
22272537
12705634
19111958
13355238
19534125
19390208
10535921
8879048
10788951
16281404
15387158
10212616
6724189
15881964
12497417
19164989
8787182
10770123
16800453
10599864
10824500
15813947
9227417
7465980
14699453
10636990
23147520
22473511
9461040
9217077
10645675
18609405
10693509
9163363
23181511
17014082
12078218
11154261
7976114
15846385
10093743
8710012
16345236
12380356
6416927
11316704
10426335
12220144
13352376
10055361
6580141
3314990
23295710
9434477
6303831
14087318
9271426
16338942
11827258
10116133
12143104
13055112
9647699
5804695
10485423
7615804
14865772
13523456
6332359
7847117
13981159
5266041
8322758
13451966
22761660
11105173
6641585
10013635
13208224
15614738
15266697
11012260
13646720
18445424
25423102
7049051
18194235
17150001
14235246
10842515
11209780
16666560
11498921
7149661
14693783
8129394
11213406
12226964
16941084
16518355
14323386
11278372
10476190
15344014
10444331
17834823
6215089
10732521
12614441
9067696
22596733
10794784
9548927
8608138
13449149
12220336
11399203
11806239
10849323
20250293
15019220
12058241
10055082
17631091
16266384
10614051
11973498
9734065
13341104
14344340
22518604
8322051
5761613
5053454
10317738
14794171
1837806
19198091
10283608
21035830
10167666
15792911
7127227
8121665
8145667
21923152
17111452
9391503
15473265
12680714
19960244
16602771
9058029
22897041
8399772
11232161
11632603
12261315
11526822
13783733
11536097
10501453
12822629
8845453
23652249
16008837
7049357
12978803
14695979
14961897
6984759
16370471
23552243
4011241
17013963
12782306
19579752
6797317
13818460
6196089
15209714
11511144
13806835
12607049
6454228
13611399
7000912
9274918
12362050
10152232
9366075
16282746
8044368
9315437
12485921
14930869
7085368
14404040
13015869
9630575
10664861
20624769
16306350
18550752
17713522
12465198
7191988
17168715
15121150
11088777
16332465
12156173
13814172
16828758
11764888
17562351
17331487
9609090
9498455
16448530
11725954
8153516
12005311
10456698
10128063
9704440
13052198
12440440
6117392
14063461
7182229
4580854
7469767
12846320
10179960
13317789
8338657
14927485
9242658
18542884
7434266
10848705
6670625
4571013
8865280
15987232
9951567
13748497
9814826
13228724
8799819
17047355
16057263
9590398
17290928
9483738
10228771
11656475
17441955
23381316
8850447
12753743
17372057
8005172
12204356
19590306
25157144
21973240
11030347
12685681
11672399
15112004
22281218
21270924
18853560
13916242
9837422
12829120
11517008
17347010
17576248
13320820
13783528
11890258
10396805
12298150
10291840
12079702
9879844
15160626
13326300
13996692
10530905
9543159
16753299
13998278
14486584
12664639
13309207
17963813
12915186
7094147
11923084
12135465
7672736
6661160
18989141
18677512
15304248
16196332
2329053
8958464
10332456
23924382
12315214
12389664
13671932
17412645
7986104
12655925
12424335
8843506
5651184
11051707
10598264
13997272
13040403
7920008
11166665
8047097
10057797
11756536
12259324
18083384
13421412
11738689
10299976
17530180
10308351
9529847
12831104
10290588
20981700
13719259
20744506
19891711
16679633
9325594
10916283
11856049
15205464
17484454
21380074
12491569
14374313
15516759
18003951
9254126
17936523
11704719
8720401
9297257
10961797
8189275
7077815
12332989
11150956
8166258
15741116
13197355
7941708
11595224
12090501
10772342
9676945
10556661
16765704
18268492
12060635
19303575
8014488
12170575
17863878
19265377
9647427
9269001
16394118
13176186
14497681
19921089
20615272
9304173
13316030
10442558
10735643
20157122
13448479
10547721
13826125
16551770
11307359
13293818
12348457
12182387
19028417
20798672
11430742
11235601
7496899
13481228
14762175
7963268
4666584
12315975
16497573
17239355
23145285
9322271
12878626
13809101
10459277
14368994
7456929
6042735
7878592
15720002
8979754
12921053
19077489
11483824
24545231
21225317
10412522
12570762
12146816
14819472
18448148
24454904
7944051
15835402
10759530
17839074
14193933
21091095
10961309
20002183
10871377
13254596
8859963
7982753
6296167
10309718
18295849
14698128
11380030
12901088
16241658
8888123
12286619
8049456
6312257
13368932
10356819
8800810
8063077
20053773
9298990
7581771
13256651
5111395
11724166
14247073
24089652
22187026
16442641
12110385
11426871
16807132
11757381
15157291
20007662
25874606
8690367
11797088
6569567
11239111
9001777
23956265
12803317
18398689
12006447
19893226
10705539
17811718
13782455
9122326
6893574
14979936
21738938
10548737
9571884
7261796
16196689
11588246
10293605
13821573
17057403
10258926
17218501
17354006
11939261
12822383
14290712
18378649
21024662
4475952
14130705
11764155
13878541
10782344
11257500
13590423
17517986
8278869
6135262
18348362
17502173
11293464
12011767
10752946
5555186
14381540
8612110
15253748
10187449
12270024
7532085
16803737
10907088
11744918
18156397
15245779
18528916
13527939
6675841
12116257
13187384
11073677
10767018
17070140
20345611
12203922
11798431
13943634
15575561
14136435
16184711
12496918
11911079
7049698
20581072
8274947
11675181
9814774
9518965
8231790
20627874
11171455
13463029
11268188
11748501
12198167
6990708
10085668
24473089
12437051
9018548
15196329
12343066
13521883
15423972
8074018
13496218
10550629
15918429
10655088
18492385
6842204
12521491
12443929
21129612
10904305
8693387
20223071
8666447
7737722
11997675
9715188
11361859
10668847
8480139
8625578
20881127
17088123
5324446
11694791
9677890
7630569
9415675
10935983
18283822
9799086
23833886
10407922
12197560
13995234
16912338
16047094
11501530
10120158
13953494
4665409
15831199
8238951
13935759
8655485
9261198
16894827
12837104
15067950
10609886
14395954
22526337
5357566
15230014
7224592
19584439
16730325
16964984
10835147
6821676
17785666
17708963
12128730
17796049
9722778
6094615
15194250
13215566
6347242
9572054
11718220
15704485
13241996
6204209
9087993
10822305
15468625
11104421
15911028
18304053
8589854
8706775
13158851
15136953
24781435
19925615
9828613
15076246
11124192
19043204
7155404
19383124
13556066
11855039
8629833
21861987
12915668
12090631
16131031
15300995
14865448
13486839
7521999
8496497
11129991
11371947
8963907
21163473
15517213
12431308
13571791
19073034
18216588
11204960
8517064
14681972
14759616
9554710
12824996
8978192
8601282
14687985
9549323
5791669
8280884
13798596
8366351
11767263
16844787
11050411
8477978
18018952
10548004
4764219
16501935
10832825
11752110
12459716
15318651
22823958
13421923
8753526
7189096
7875021
10729071
12466202
7439042
22022151
10612193
17690649
9034230
20308267
11932179
10977122
14087735
10833329
11764675
13294193
21141094
11928818
14811535
13255890
10924423
16673900
14162419
18698440
14068903
17265338
17480413
9620406
10941884
14311790
10221880
7519788
21283209
11214816
14155917
17188123
9004173
7350874
13241652
8989708
12972930
10367575
15682384
20238829
16265529
12837482
18552906
13957218
10924002
13124193
15670916
21509161
15994722
18503070
17979014
7630836
13064657
7663784
13076120
14132329
17287267
11989209
16564051
7882842
9024834
7893536
15682420
9181870
15516920
6114394
14504087
8960596
17048809
10888138
6972845
23519645
14644574
11899534
20906083
13508402
7950530
16392149
9698566
5818854
4093107
17452497
13747365
13826495
11079885
12866858
17742528
2134793
15104835
12231710
22311422
6907824
11981569
16018522
11528337
22888148
9082287
14190339
19831245
6490164
9817810
4934479
5710662
5717289
12140713
13552750
13624972
11335107
22587709
17935938
24152817
10302226
18759684
16609544
15667774
14689719
5643498
18293942
17429053
11173731
18035439
14187556
10228471
14248914
10614460
24322409
16104115
8395805
17796069
8065347
5187506
8551024
10034214
12551703
12761875
18891707
15411169
13668007
4794812
13594049
18965848
12275632
3248524
4230153
16083146
5769194
14913023
9341970
11930248
16842844
3113819
22424828
6823974
9258792
18792291
22842385
9605495
12146952
20140019
15698779
15470223
18720729
15537035
14536476
13448723
17214168
17201505
10655836
10891072
8876511
11070284
7487004
8966040
11548737
18218173
21882795
15879993
10585758
13473809
23060523
9351748
15803227
15989047
16080097
14775642
8580836
10931951
6199395
11494223
7273405
23257411
6645494
4856942
11589334
10681222
14572296
15070808
7659633
9198678
12977538
16418993
13576699
14408355
9890611
10553802
16008110
18225848
13879763
10409601
11158054
16354282
14495419
17130549
14495201
17499780
10478666
19342839
19605749
10478519
10755383
8363208
11060614
12793418
15499465
24214737
6915886
8859970
22787347
11942944
12462656
14057081
14043935
21458302
15228951
12103783
12856739
19778391
10895335
9017869
15797707
13211187
10564073
8850708
7309259
14429514
9597572
6502482
15735986
13515680
10812555
13104188
21210594
13401122
22662361
9689521
8579451
12300788
13471673
12775992
7814647
19923472
17259056
8659567
14903563
18576842
3787651
18848018
10461671
16911523
21186473
10948948
11464294
20231346
6823901
11812657
7149571
16501608
6978854
19263113
10511397
12209868
13033065
8372904
17677012
18238012
13407762
5226332
19077858
10893743
17015787
8603310
18603044
18613672
18677951
7685709
10721144
11133319
14939681
9841604
7183286
14336730
12837007
9075481
14349438
9640250
19944073
9148822
10325774
15536205
16856896
11568849
9254359
9239763
19201005
8977412
17291859
7912411
10634176
12992518
13801174
15408383
9462718
12875670
15293078
11473486
22908284
12050744
9827246
9687906
7723576
12656184
7564889
12449097
18853487
8724073
15305026
14562518
14321133
14317292
6231051
9309256
17636736
7300842
15982947
13225055
18126136
16427960
10813769
17960975
9414791
15276825
9392198
12016704
9680398
17903213
21005094
8842453
11740357
9783310
13356932
10158787
18629839
9038052
9728168
13320756
11170177
13620267
13341233
8688716
14425221
8951869
8705856
17988337
8175467
17860044
13557945
13129315
10049424
13060799
10918672
10284665
8258102
11066206
7714649
18045742
13363787
10027534
11472221
15302641
12392942
9489781
10599535
8298233
16882483
8447012
9131474
13756145
14396531
5353677
14406557
15305670
11610354
5895169
7709619
10324160
19608071
9140622
19623783
12284762
14475877
8268117
15110077
7429351
11632827
5205065
12934893
13312401
10229093
7862671
6365397
24410508
11451474
9589422
15401320
8373598
3404555
2570015
10863995
10870127
9833976
12877465
11075667
11403497
11699150
9386400
12839533
8174492
10551981
16100917
12569114
12567062
9510524
12493426
18229400
24152593
8291348
8336263
7066363
13461567
11239943
15429718
6574196
21081955
13399572
10568241
8519908
12128466
6804553
8149658
10590654
19618479
13097736
19491841
18694942
12137123
15009342
15914466
6162026
13189074
12115570
19110814
19459287
14478486
14873860
26257510
8055881
6304764
18259994
13779904
14706217
6661568
8136993
12432144
8970141
22622947
22631136
8236546
19734654
17799117
8020454
15214447
8800431
10180795
19667568
15085236
9922734
24358187
12748870
7928846
9572133
7996957
9041131
12194947
10011297
11344345
8326059
10614596
8056421
13630749
10558480
9243149
7835156
12498402
20266488
21314024
17372138
11055233
22943165
12645472
11361638
6337886
18356599
15589357
9686209
19109424
17435739
14643881
6927511
7557388
7243351
20281851
6187605
21769991
17046514
23524095
6658565
18498700
16658369
9659942
12802263
15388683
12066939
9691850
18768210
22489246
22843224
14605144
9953387
18376242
9741594
10651361
7715623
23037621
16435276
13593601
11684385
14707190
19418729
8241164
20372974
13224853
7805861
9552267
7541944
14427575
12318908
8259878
12546068
11140928
14004158
9741015
14785207
18935788
7045501
10465236
13925192
23549301
9895856
17513176
14158591
15980513
16870447
6731519
14600458
18164985
14067870
11208122
13586209
12738455
9381380
9691218
7797224
21082973
10670204
16160056
8153706
19636996
21875173
21540302
7991684
6270848
22886450
11479769
17417356
13453527
11648261
10548981
14232782
10426433
9609287
12917645
11607473
10312447
4671929
9192530
10565370
10615444
6887110
