5
9 1
1 0 0 1 1 1 1 1 1 
1 2 879464
1 3 63098
3 4 400418
4 5 424678
3 6 81839
1 7 550334
5 8 153164
3 9 970236
9 
6 6
0 1 1 0 0 1 
6 1 535482
5 2 407439
5 3 910022
6 4 934479
6 5 430218
2 1 6 5 4 3 
9 3
1 0 1 0 1 0 1 0 0 
1 2 512851
2 3 326523
1 4 208416
2 5 912545
1 6 521985
4 7 968996
6 8 470205
1 9 494287
7 4 2 
15 4
1 0 0 1 0 1 1 0 0 1 0 0 0 0 0 
1 2 994070
2 3 187461
2 4 127764
1 5 401685
2 6 547615
6 7 597388
6 8 255884
4 9 685112
9 10 182935
8 11 797229
1 12 158861
2 13 167413
2 14 544936
3 15 990691
15 4 6 13 
455 225
0 0 1 1 1 1 0 0 1 1 1 1 0 1 1 0 0 0 0 1 1 1 1 1 1 0 1 1 1 0 1 1 1 1 0 0 0 1 1 1 1 0 0 1 0 1 0 0 1 1 1 0 0 0 0 1 1 1 1 1 0 0 0 0 1 1 0 1 0 0 0 1 0 1 1 1 0 0 1 1 0 0 1 1 1 1 0 0 1 0 0 0 1 1 0 1 0 0 0 1 0 0 1 1 0 1 1 0 0 1 1 1 1 1 1 0 0 1 1 0 1 1 0 0 1 0 1 0 1 1 0 0 1 0 1 0 0 0 0 1 1 0 0 0 1 0 1 1 1 1 0 1 0 1 0 0 1 0 0 0 1 0 0 0 1 1 1 0 1 0 1 0 1 0 0 0 0 1 1 0 1 0 1 0 1 1 1 0 0 1 1 1 1 0 1 1 1 0 0 1 0 1 1 0 0 0 1 0 1 1 0 1 1 0 1 0 0 0 1 1 0 0 0 0 1 0 0 0 0 1 0 0 0 0 1 0 0 0 0 1 1 0 0 0 1 1 0 1 1 0 0 1 1 1 1 1 0 1 0 1 0 0 0 0 0 1 1 0 1 1 0 0 1 1 1 0 1 1 0 1 0 0 0 0 0 0 1 0 0 1 0 1 0 1 1 1 1 0 0 0 1 0 0 0 1 1 1 0 0 0 0 1 0 0 0 0 0 1 0 1 0 1 1 0 0 0 1 1 1 0 0 1 1 1 0 1 1 0 0 0 1 0 1 1 1 1 0 1 1 0 1 1 0 0 0 0 0 1 1 1 1 1 0 1 0 1 1 0 0 1 1 1 1 1 0 0 0 0 1 1 0 0 1 0 1 1 0 0 1 1 1 0 1 1 1 0 1 1 1 1 0 0 1 1 0 1 0 1 0 0 1 0 1 0 1 1 0 0 0 0 0 0 0 0 1 0 0 0 0 1 1 0 0 1 0 1 1 0 0 0 0 0 1 1 0 1 0 1 1 1 1 1 1 0 1 
1 2 141211
1 3 131360
2 4 59374
4 5 227503
2 6 828493
6 7 95358
1 8 436563
7 9 173335
9 10 524593
9 11 568273
5 12 196490
6 13 557091
1 14 647270
7 15 913153
3 16 914327
3 17 713263
3 18 299198
14 19 658508
2 20 101833
18 21 15115
7 22 651411
11 23 921573
9 24 896213
11 25 761448
12 26 279376
18 27 796167
4 28 983655
2 29 728963
14 30 954660
2 31 587203
30 32 456374
32 33 538658
30 34 793798
15 35 26400
11 36 764231
13 37 332535
8 38 538154
12 39 889181
24 40 358286
12 41 970710
3 42 470675
32 43 981447
41 44 577230
30 45 854359
32 46 107860
41 47 339434
47 48 737233
7 49 24773
41 50 494906
35 51 858002
33 52 840298
32 53 281063
19 54 263469
22 55 255127
16 56 214645
22 57 57983
22 58 945812
54 59 534362
4 60 236071
51 61 618462
21 62 741065
55 63 717406
48 64 293838
4 65 40494
13 66 385836
32 67 698352
32 68 214548
48 69 49198
11 70 20882
46 71 419358
54 72 995836
68 73 870497
9 74 809740
34 75 76971
8 76 533652
29 77 104376
66 78 23908
42 79 327177
9 80 838111
75 81 878685
52 82 161821
41 83 984410
49 84 199403
20 85 411665
31 86 69822
70 87 46989
60 88 316064
39 89 304484
73 90 368358
89 91 999512
64 92 91254
75 93 642918
61 94 439629
2 95 746741
67 96 980212
67 97 147409
53 98 371805
9 99 637391
29 100 481353
70 101 79419
87 102 795488
32 103 318763
78 104 533793
43 105 83193
77 106 947463
103 107 669395
76 108 271536
23 109 365543
47 110 754707
26 111 223987
45 112 608148
17 113 624410
79 114 989499
91 115 225640
73 116 236164
11 117 217967
26 118 793950
103 119 768661
10 120 301790
31 121 177730
41 122 461437
85 123 678777
88 124 309568
33 125 652520
68 126 583150
78 127 934815
31 128 72313
109 129 474412
72 130 39860
48 131 494348
89 132 772378
118 133 634118
78 134 861042
74 135 482645
117 136 167119
65 137 675289
86 138 945450
3 139 937644
91 140 97091
12 141 593268
45 142 582167
21 143 767476
119 144 693476
47 145 187421
97 146 977502
36 147 882213
25 148 480831
121 149 72989
26 150 173194
23 151 7084
50 152 974122
102 153 531809
100 154 857245
35 155 95292
15 156 293133
67 157 193629
119 158 629505
114 159 412871
108 160 177614
8 161 371426
14 162 99870
130 163 491358
160 164 640172
113 165 907622
111 166 543160
118 167 89286
18 168 938700
114 169 622494
68 170 829059
108 171 226431
61 172 634766
137 173 191219
81 174 846810
155 175 1224
25 176 617387
134 177 812509
15 178 473998
127 179 574335
149 180 258339
159 181 104496
26 182 427881
48 183 328160
26 184 768355
93 185 716818
7 186 192218
106 187 689240
28 188 120623
32 189 840764
137 190 89628
159 191 334188
165 192 612959
44 193 580048
192 194 993885
82 195 379003
184 196 76216
149 197 86364
141 198 232323
173 199 474216
165 200 425153
131 201 15444
29 202 270083
9 203 524215
89 204 531292
10 205 190260
116 206 953040
204 207 474727
130 208 412387
78 209 151809
27 210 970553
168 211 235762
116 212 835751
172 213 328593
133 214 927391
126 215 70667
4 216 960410
29 217 275607
202 218 322629
171 219 109349
79 220 801545
123 221 468035
187 222 738778
73 223 597226
168 224 856059
182 225 116108
26 226 718039
190 227 206209
126 228 391785
214 229 247447
196 230 226222
106 231 695797
176 232 901357
184 233 389210
103 234 465961
165 235 398518
64 236 498084
47 237 267009
94 238 269131
92 239 787525
156 240 60149
29 241 797817
144 242 988694
79 243 888957
129 244 990194
83 245 447323
49 246 773418
162 247 594122
205 248 855056
185 249 399204
219 250 169760
207 251 977042
62 252 117314
4 253 471080
253 254 544113
30 255 207003
172 256 992449
59 257 486416
183 258 196079
34 259 514583
23 260 292876
21 261 819219
213 262 990427
67 263 964273
93 264 460664
142 265 914377
82 266 573298
251 267 427785
216 268 108208
86 269 634784
259 270 272365
165 271 19707
101 272 84431
236 273 539648
205 274 70971
257 275 554623
107 276 534299
117 277 801255
35 278 479754
95 279 984323
175 280 185488
270 281 516338
199 282 248851
5 283 714469
171 284 538387
220 285 3880
30 286 528046
113 287 64454
206 288 914701
79 289 603446
227 290 423477
140 291 176589
275 292 226490
41 293 428232
169 294 867116
55 295 188624
272 296 247345
167 297 850617
199 298 896976
17 299 824886
279 300 219794
127 301 783986
215 302 930781
132 303 314393
157 304 262762
156 305 506597
164 306 634078
201 307 247295
173 308 627062
133 309 676963
48 310 934910
289 311 470814
42 312 795090
277 313 342605
188 314 888550
12 315 466558
44 316 520400
36 317 532617
132 318 695051
217 319 771907
240 320 215910
231 321 915223
179 322 116665
278 323 447434
43 324 948216
37 325 430858
143 326 144933
252 327 853726
9 328 643674
54 329 525890
54 330 96620
34 331 293438
192 332 331651
146 333 775109
191 334 498849
274 335 877290
105 336 489038
311 337 843330
232 338 264194
169 339 782219
126 340 258149
240 341 661691
293 342 219887
37 343 15081
21 344 931741
198 345 787425
85 346 304743
65 347 131440
304 348 939016
184 349 431937
290 350 850556
231 351 169051
89 352 314982
165 353 878998
173 354 452918
218 355 120711
281 356 971062
131 357 764101
140 358 997733
40 359 758464
19 360 507683
306 361 697202
246 362 970975
336 363 121997
333 364 114872
111 365 662130
154 366 329964
362 367 226360
84 368 425048
306 369 749695
25 370 222478
222 371 479340
165 372 83938
109 373 541449
272 374 550132
130 375 358233
80 376 856233
23 377 597952
198 378 84701
296 379 361193
29 380 657041
245 381 153502
124 382 374781
112 383 137921
53 384 162253
306 385 181935
84 386 747993
234 387 189804
79 388 300828
268 389 407837
90 390 706509
117 391 880550
256 392 741692
272 393 851867
102 394 956838
134 395 598212
86 396 486017
367 397 345218
191 398 778771
302 399 556902
251 400 524023
307 401 396603
24 402 591091
224 403 466530
309 404 626526
234 405 368795
323 406 652379
234 407 915932
8 408 83177
216 409 376818
34 410 599589
278 411 413343
7 412 369604
34 413 289310
166 414 960840
145 415 956546
322 416 122427
190 417 886168
163 418 415298
115 419 62784
89 420 528672
368 421 894855
32 422 918070
331 423 652679
85 424 747291
64 425 350454
385 426 59824
397 427 531374
268 428 931150
37 429 647238
92 430 310477
58 431 99599
261 432 276038
430 433 185438
113 434 29895
58 435 631572
122 436 938179
113 437 873955
165 438 401663
243 439 414522
335 440 236651
243 441 489742
159 442 632527
326 443 588018
16 444 908309
102 445 218580
184 446 349185
228 447 446620
33 448 416402
317 449 567151
396 450 779813
417 451 673323
25 452 896180
25 453 557842
396 454 205554
283 455 960952
420 295 2 118 101 1 357 310 196 337 302 316 137 63 424 156 379 296 447 344 26 161 182 234 61 133 318 191 82 144 445 388 324 406 369 117 288 335 326 46 89 261 381 329 95 167 55 309 238 86 312 414 56 321 120 107 70 84 13 143 200 212 180 245 79 185 304 103 14 240 243 178 260 362 110 48 124 141 280 451 299 389 343 76 147 27 111 102 22 157 202 251 98 186 278 91 355 364 35 21 44 37 166 187 64 250 380 225 51 319 189 208 394 452 358 122 59 412 252 401 290 271 432 230 397 173 138 160 104 18 216 311 159 268 71 170 235 183 221 419 402 422 333 184 454 142 194 285 448 129 387 5 23 247 258 162 291 75 105 203 375 204 8 9 437 31 444 188 53 403 24 179 323 92 65 177 361 303 223 150 10 73 131 249 442 415 195 351 373 325 349 434 126 436 279 328 93 384 404 224 411 145 438 320 244 307 211 241 300 453 206 39 322 350 42 134 190 87 54 232 427 135 353 172 276 
