13583304
17464248
7761888
7761888
17464248
17464248
17464248
17464248
17464248
17464248
6532102
6021077
5994942
5597623
5597623
6254384
5972163
14063424
14198292
13412181
14061621
13511724
12294785
13225853
12125432
13225853
13225853
38219421
32255001
41176069
41136420
35007245
42195701
34136090
33645267
41790984
41686523
33382095
41798640
42195701
41136420
41493895
42185564
47246575444
47249328200
47249511630
47243559968
47243501630
47243519104
47243718609
47249085609
47248623353
47243718609
47244696079
47246756470
47243519104
47247566754
47245473594
47244085237
47246438211
47247083107
47249060119
47246628247
47243520510
47244060539
47243956752
47246065555
47245034873
47244162873
47249056539
47244721615
47247503434
47245844588
47242251392
47243942134
47249731004
47249553505
47247941519
47249012851
47246981664
47247884208
47244407295
47244661880
47245034873
47247691342
47248004275
47243720044
47247410497
47243921576
47249731004
47244860266
47243428339
47243718609
47247435991
47245477225
47243653203
47242499230
47246461398
47248553241
47246283387
47243956752
47246221637
47244995228
47243567253
47246436739
47247406515
47247099901
47243470395
47243501630
47244812462
47242421689
47249837692
47243428339
47246352654
47242288408
47248167849
47242603303
47244443760
47247941519
47244655905
47246766134
47247566754
47244518608
47244875204
47243888004
47243653203
47246547388
47243751862
47243998238
47243942134
47246326547
47248668344
47244661880
47242735497
47244657697
47243470395
47248523939
47246005389
47246777088
47246527820
47242421689
47242383514
47247315470
47245321394
47246326547
47245962722
47249970722
47244561570
47243720044
47246030325
47249176786
47247903094
47246640039
47247298427
47243697168
47247987035
47243664490
47245353619
47248284265
47242603303
47246547783
47243853825
47248555112
47247851229
47243944625
47247502929
47246621867
47248668344
47249126065
47242301890
47244748194
47249061637
47245670894
47248167849
47243468643
47245882010
47244398657
47246587398
47244443760
47246547783
47247019304
47245045591
47245227241
47248299009
47245400088
47243921576
47246371969
47243208824
47247915780
47245089110
47245267488
47244162873
47243944625
47243747961
47247071165
47246497580
47246275951
47245013936
47248943959
47249344362
47250341941
47243208824
47247358585
47247903094
47244072932
47247477554
47244079294
47247025890
47244525665
47244422546
47243853825
47244497903
47245686887
47243535951
47244746115
47246726608
47245850737
47243888004
47248943959
47247574606
47246373101
47243349602
47243838616
47248447758
47245583311
47248560013
47248586542
47248428406
47247886032
47243737492
47246030325
47245406208
47243606181
47245952328
47245353619
47244652385
47247350849
47244591576
47248522497
47244570050
47243944625
47247286154
47246590285
47244464579
47243468643
47245844588
47244472520
47247042491
47248074289
47244764287
47245158943
47244158265
47244812462
47246486894
47244497903
47247699820
47245767094
47245452349
47250707664
47243864873
47246755086
47246506146
47244746115
47245539142
47246621867
47245593469
47243193233
47245507729
47244358659
47246805790
47246887733
47242114408
47245452349
47244420044
47246249158
47245253381
47247912399
47241868482
47244461434
47243805711
47244780678
47246607237
47244366471
47243686228
47244726565
47244617544
47245157652
47244610264
47246841209
47244668323
47246983302
47244993058
47247886032
47248065253
47245689820
47245509745
47244206073
47244426358
47249986748
47246567234
47247182828
47248586542
47243738463
47245779763
47246157096
47244608866
47244754288
47243705621
47244280616
47248133907
47246605498
47243864873
47244823102
47248383259
47248585809
47246331559
47248141189
47244696079
47244906760
47242905504
47244762370
47243250871
47243870412
47243745757
47243733198
47246590285
47246812930
47247665887
47247603986
47242365975
47243699049
47244764287
47247082276
47245633469
47244578199
47244906760
47244691880
47246189612
47244220399
47245940055
47244957466
47245943116
47246677609
47243870412
47245377147
47244878903
47245882010
47242421689
47243430131
47244844654
47248955804
47246743131
47247363052
47244661241
47247082276
47244719461
47246786008
47244638281
47248024860
47244699591
47246981664
47245498118
47246821243
47243530467
47245064134
47243838616
47243284962
47244585067
47247521732
47246371969
47244981088
47244554353
47244964226
47246461398
47244401898
47244652385
47245851323
47245439597
47245534151
47248046923
47244906518
47245253381
47245566632
47242114408
47244059819
47244691880
47245236518
47245922057
47244731371
47243998238
47249337891
47246652542
47244460069
47246492676
47246563628
47244672378
47245942390
47246611583
47246506146
47244720364
47244343047
47246577223
47245267678
47245018847
47244923875
47245557281
47244125889
47245851323
47246905380
47245013936
47245557281
47247927439
47246779492
47244162873
47246079863
47244461434
47245670894
47244615059
47244266573
47246433594
47246227587
47247286154
47245370815
47244970018
47246002675
47248439972
47247987035
47242499230
47244844654
47244616175
47241868482
47248030624
47248139693
47248216788
47245250858
47244598756
47244966216
47246427710
47245367066
47247256583
47245676139
47246009474
47247158181
47246509260
47243700494
47246701028
47246710099
47244534784
47242047473
47244013259
47244299276
47244361181
47244133483
47243566696
47243250871
47248149215
47248153858
47244774774
47246530014
47243844378
47246280404
47244079294
47244741055
47246993786
47245966648
47244327070
47243513606
47246777088
47248651741
47247025890
47246039689
47244718834
47247302059
47248807038
47246221637
47246157096
47243722896
47243664490
47245037627
47246603482
47245184833
47247882983
47245157652
47245534151
47245232872
47246168848
47245159798
47245589723
47245962722
47244420044
47242169243
47249553505
47244640762
47244754207
47245523838
47245405130
47244162873
47247256583
47246454770
